-1.351276660645347905e+00
-2.582610664351789320e-01
1.081328436620794947e-01
2.929692545678733162e-01
4.052571896944982544e-01
4.813115957497090536e-01
5.366749137595389074e-01
5.791022356459409881e-01
6.128908540864368426e-01
6.406120430466383242e-01
6.638976824682856215e-01
6.838333693203244579e-01
7.011695140374130109e-01
7.164417737017126919e-01
7.300430892415279427e-01
7.422686932604959376e-01
7.533449098642464037e-01
7.634484684809947908e-01
7.727195996529413469e-01
7.812711828936608205e-01
7.891952602567317010e-01
7.965677600540012060e-01
8.034519795389870600e-01
8.099011930394497405e-01
8.159606289836189852e-01
8.216689915862254168e-01
8.270596430224713691e-01
8.321615327938053364e-01
8.369999355612385283e-01
8.415970423540611867e-01
8.459724388733943501e-01
8.501434931917624116e-01
8.541256766500587849e-01
8.579328307323573766e-01
8.615773819311739468e-01
8.650705293822609221e-01
8.684223993399926567e-01
8.716421767146077526e-01
8.747382170792242784e-01
8.777181425319471320e-01
8.805889241316264826e-01
8.833569530792926283e-01
8.860281024513351200e-01
8.886077809473503786e-01
8.911009798608759969e-01
8.935123143811016799e-01
8.958460595069381860e-01
8.981061828494183441e-01
9.002963702525652590e-01
9.024200567494680136e-01
9.044804426602498504e-01
9.064805168945855307e-01
9.084230743044551248e-01
9.103107324242433185e-01
9.121459436354198980e-01
9.139310101569170230e-01
9.156680967943316984e-01
9.173592388565164901e-01
9.190063535181880461e-01
9.206112482289602328e-01
9.221756286982510931e-01
9.237011061748898744e-01
9.251892040946658735e-01
9.266413641600952378e-01
9.280589519030937318e-01
9.294432617375978367e-01
9.307955219542660696e-01
9.321168985465854151e-01
9.334084995287149633e-01
9.346713785207398928e-01
9.359065381358286917e-01
9.371149331137615945e-01
9.382974732167925769e-01
9.394550257035089169e-01
9.405884169750701185e-01
9.416984420405688505e-01
9.427858506960051788e-01
9.438513661343349570e-01
9.448956784174894485e-01
9.459194478797267047e-01
9.469233067527376146e-01
9.479078606837412213e-01
9.488736901499307264e-01
9.498213517817912788e-01
9.507513796037729836e-01
9.516642861976395418e-01
9.525605632751839025e-01
9.534406846759188037e-01
9.543051045023169809e-01
9.551542598279237906e-01
9.559885711136055786e-01
9.568084430053003242e-01
9.576142650958771041e-01
9.584064126218140300e-01
9.591852471416703052e-01
9.599511171655282782e-01
9.607043587514673133e-01
9.614452960690859085e-01
9.621742419322065754e-01
9.628914984732591664e-01
9.635973569598721422e-01
9.642920990434207251e-01
9.649759971245497336e-01
9.656493142705426802e-01
9.663123047902809626e-01
9.669652147145016974e-01
9.676082820795499639e-01
9.682417372564333657e-01
9.688658032634996919e-01
9.694806960636623838e-01
9.700866248471836650e-01
9.706837923006744751e-01
9.712723948632269177e-01
9.718526229703428054e-01
9.724246612863545192e-01
9.729886889259672378e-01
9.735448796655232773e-01
9.740934021445443181e-01
9.746344200580761008e-01
9.751680923403434065e-01
