-9.355282472380825887e-01
-9.047274214993402675e-01
-8.742811082468373574e-01
-8.441797669324274667e-01
-8.144139897593585253e-01
-7.849744922044545881e-01
-7.558521035332146365e-01
-7.270377476444497278e-01
-6.985224816481268029e-01
-6.702973898383958185e-01
-6.423536702018980415e-01
-6.146825762490850664e-01
-5.872754164336984051e-01
-5.601235436827125547e-01
-5.332183446240754687e-01
-5.065512284623597816e-01
-4.801136154480557527e-01
-4.538969248811884905e-01
-4.278925625846164982e-01
-4.020919077758550175e-01
-3.764862965235957204e-01
-3.510670181607812856e-01
-3.258252832123910703e-01
-3.007522181518393345e-01
-2.758388452058931350e-01
-2.510760638589485949e-01
-2.264546305104614132e-01
-2.019651365412060140e-01
-1.775979852497314437e-01
-1.533433701490886647e-01
-1.291912338787309100e-01
-1.051312591673722180e-01
-8.115282220063442520e-02
-5.724496060330556968e-02
-3.339633439662717529e-02
-9.595183063985632949e-03
1.417072178034803343e-02
3.791412869848679451e-02
6.164836437767663019e-02
8.538739798642495937e-02
1.091459128228983305e-01
1.329393880854985721e-01
1.567841809267173925e-01
1.806976368070537520e-01
2.046982004338772643e-01
2.288055359286111368e-01
