-2.670706383974817744e+00
-2.355784835021615287e+00
-2.066485943814009740e+00
-1.804190124740501000e+00
-1.567731911141398538e+00
-1.354918996231221806e+00
-1.163268439497658679e+00
-9.903470807021900191e-01
-8.339174074824025062e-01
-6.919854604805731890e-01
-5.628039646752878156e-01
-4.448551014482072796e-01
-3.368257491762904898e-01
-2.375813317561431548e-01
-1.461410889127876533e-01
-6.165589906183297636e-02
1.661104763794120018e-02
8.930082161089433757e-02
1.569728342450566194e-01
2.201167421466536100e-01
2.791624890903074419e-01
3.344887729990003167e-01
3.864301900044683213e-01
4.352832747001816327e-01
4.813115957497090536e-01
5.247501255299630296e-01
5.658089026722674664e-01
6.046761981693137278e-01
6.415212170707803585e-01
6.764963704191763183e-01
7.097393389644338635e-01
7.413747769859070358e-01
7.715157098492745336e-01
8.002649520600859656e-01
8.277161663026479932e-01
8.539548596338646380e-01
8.790592437248466728e-01
9.031009897134886222e-01
9.261458922301465391e-01
9.482544549380590437e-01
9.694824080770549912e-01
9.898811660938516832e-01
1.009498237799497655e+00
1.028377584704285308e+00
1.046559945453399365e+00
1.064083124724807483e+00
1.080982251157343255e+00
1.097290008950283724e+00
1.113036845951635989e+00
1.128251160955441312e+00
1.142959472577186331e+00
1.157186571775009831e+00
1.170955659825063888e+00
1.184288473335876946e+00
1.197205397693373419e+00
1.209725622617353613e+00
1.221867025744096447e+00
1.233646573754735076e+00
1.245080190160982925e+00
1.256182879095445903e+00
1.266968790582118976e+00
1.277451280342814188e+00
1.287642964655896893e+00
1.297555770743332282e+00
1.307200983101429292e+00
1.316589286151049309e+00
1.325730803543003544e+00
1.334635134419688729e+00
1.343311386904028959e+00
1.351768209059476034e+00
1.360013806310275353e+00
1.368056017236873645e+00
1.375902260352274808e+00
1.383559600297824987e+00
1.391034790392833953e+00
1.398334239385068400e+00
1.405464074567196686e+00
1.412430138132806157e+00
1.419238007147737957e+00
1.425893008410709095e+00
1.432400232326687561e+00
1.438764545868191247e+00
1.444990604693690894e+00
1.451082864486308299e+00
1.457045591570589993e+00
1.462882872860557848e+00
1.468598625187489182e+00
1.474196604052173676e+00
1.479680411842559717e+00
1.485053505554481124e+00
1.490319204050202462e+00
1.495480694886603956e+00
1.500541040970202467e+00
1.505503185690827861e+00
1.510369960022490465e+00
1.515144086961277115e+00
1.519828186839635276e+00
1.524424781315882438e+00
1.528936300740482146e+00
1.533365084557656965e+00
1.537713387708462331e+00
1.541983383841385669e+00
1.546177168166527283e+00
1.550296656690333785e+00
1.554344133935511962e+00
1.558321140302311170e+00
1.562229611685976183e+00
1.566071304664883090e+00
1.569847915836471541e+00
1.573561084975000135e+00
1.577212397272269806e+00
1.580803385563727570e+00
1.584335532464390406e+00
1.587810272405587364e+00
1.591228993574842487e+00
1.594593039763469555e+00
1.597903711611788236e+00
1.601162270377942898e+00
1.604369936345402481e+00
