4.157300955775643514e-01
4.251166206271614900e-01
4.344968614293244769e-01
4.438710537782784571e-01
4.532394184015678951e-01
4.626021601338146105e-01
4.719594852307744670e-01
4.813115957497090536e-01
4.906586895715712715e-01
5.000009604545478936e-01
5.093385980982918504e-01
5.186717882106797184e-01
5.280007125709902382e-01
5.373255491030087816e-01
5.466464719395541794e-01
5.559636514936772134e-01
5.652772545262529924e-01
5.745874442192140386e-01
5.838943802457521315e-01
5.931982188414687274e-01
6.024991128798270479e-01
6.117972119491336125e-01
6.210926624279574648e-01
6.303856075405476211e-01
6.396761872747190880e-01
6.489645384673544681e-01
6.582507950774920680e-01
6.675350882730294311e-01
6.768175568644649864e-01
6.860982958991508340e-01
6.953774586892931264e-01
7.046551553180844252e-01
7.139315039395978113e-01
7.232066188620304148e-01
7.324806034455083603e-01
7.417535848751041216e-01
7.510256631973478703e-01
7.602969438178783790e-01
7.695675298028377131e-01
7.788375219003523808e-01
7.881070579260586184e-01
7.973761672410192292e-01
8.066449753081662566e-01
8.159135750983329549e-01
8.251820576438709809e-01
8.344505120847472979e-01
8.437190257136552018e-01
8.529876840200688592e-01
8.622565707332437990e-01
8.715257678642029937e-01
8.807953557467360639e-01
8.900654130773979489e-01
8.993360169545060456e-01
9.086072429162550534e-01
9.178791649778288431e-01
9.271518556676235923e-01
9.364253860625924020e-01
9.456998258226755327e-01
9.549752432244082989e-01
9.642517051936591033e-01
9.735292773375833209e-01
9.828080239757409631e-01
9.920880081704485098e-01
1.001369291756379898e+00
1.010651935369393462e+00
1.019935998474657213e+00
1.029221539394038265e+00
1.038508615332845553e+00
1.047797282405837915e+00
1.057087595662618007e+00
1.066379609112358962e+00
1.075673375747935090e+00
1.084968947569397324e+00
1.094266375606915309e+00
1.103565709943069573e+00
1.112866999734637430e+00
1.122170293233812677e+00
1.131475637808862844e+00
1.140783079964316826e+00
1.150092665360585409e+00
1.159404438833146811e+00
1.168718444411193325e+00
1.178034725335860067e+00
1.187353324077962791e+00
1.196674282355306485e+00
1.205997641149553212e+00
1.215323440722679393e+00
1.224651720633010088e+00
1.233982519750863815e+00
1.243315876273804577e+00
1.252651825820853215e+00
1.261990408594995117e+00
1.271331660000548869e+00
1.280675615165838943e+00
1.290022309140546719e+00
1.299371776385520150e+00
1.308724050785566195e+00
1.318079165661924401e+00
1.327437153784507773e+00
1.336798047383720434e+00
1.346161878162135173e+00
1.355528677305740004e+00
1.364898475495035512e+00
1.374271302915786475e+00
1.383647189269539668e+00
1.393026163783901872e+00
1.402408255222556299e+00
1.411793491895021235e+00
1.421181901666219272e+00
1.430573511965794298e+00
1.439968349797178027e+00
1.449366441746500200e+00
1.458767813991260320e+00
1.468172492308780219e+00
1.477580502084448355e+00
1.486991868319853305e+00
1.496406615640608173e+00
1.505824768304586669e+00
1.515246350207322346e+00
1.524671384892641202e+00
1.534099895557598625e+00
1.543531905059995379e+00
1.552967435925315609e+00
1.562406510353366862e+00
1.571849150224818414e+00
1.581295377107948541e+00
1.590745212263626973e+00
1.600198676653103336e+00
1.609655790942976283e+00
1.619116575511099887e+00
1.628581050452747148e+00
1.638049235585507635e+00
1.647521150455170114e+00
1.656996814340937929e+00
1.666476246260620409e+00
1.675959464975711688e+00
1.685446488996376502e+00
1.694937336586322729e+00
1.704432025767522507e+00
1.713930574324894929e+00
1.723432999810832200e+00
1.732939319549682278e+00
1.742449550642051870e+00
1.751963709969081240e+00
1.761481814196640627e+00
1.771003879779373236e+00
