1.329221898787443346e+00
1.325015798060783734e+00
1.319580226743052531e+00
1.313055593181342795e+00
1.305555122147222802e+00
1.297171702976509300e+00
1.287982684118586851e+00
1.278053281414491149e+00
1.267439102760747449e+00
1.256188037900502152e+00
1.244341679061258255e+00
1.231936431327876003e+00
1.219004383014751225e+00
1.205573996949206750e+00
1.191670665234626281e+00
1.177317145135552634e+00
1.162533970039903108e+00
1.147339694114440922e+00
1.131751191709329030e+00
1.115783851630160362e+00
1.099451758790520817e+00
1.082767849259693271e+00
1.065744039044604685e+00
1.048391333841037776e+00
1.030719929567894155e+00
1.012739298576574631e+00
9.944582473313444693e-01
9.758850038881150546e-01
9.570272598426997623e-01
9.378922192378471578e-01
9.184866474330696251e-01
8.988169145198362520e-01
8.788890115863524644e-01
8.587085996362952001e-01
8.382810319286515544e-01
8.176113789418122391e-01
7.967044507587219826e-01
7.755648172781660632e-01
7.541968265809058103e-01
7.326046216528239174e-01
7.107921556100410543e-01
6.887632004356997184e-01
6.665213863752923462e-01
6.440701573501533828e-01
6.214128409066186354e-01
5.985526272343333343e-01
5.754925826149321910e-01
5.522356598968030106e-01
5.287847053756656868e-01
5.051424659867280731e-01
4.813115957497090536e-01
4.572946617749898968e-01
4.330941540391088362e-01
4.087124707039810900e-01
3.841519629117560730e-01
3.594148991374065960e-01
3.345034897900925897e-01
3.094198871233913573e-01
2.841661889863785206e-01
2.587444423476082389e-01
2.331566466061030796e-01
2.074047567068046105e-01
1.814906860761951735e-01
1.554163093932800777e-01
1.291834785382674211e-01
1.027939588089026024e-01
7.624954115479762318e-02
4.955195465224169343e-02
2.270305504209813030e-02
-4.295646627188394288e-03
-3.144241309901295300e-02
-5.873559607247287595e-02
-8.617356670055859036e-02
-1.137546840964184236e-01
-1.414774181688353838e-01
-1.693401525661698270e-01
-1.973413208864960022e-01
-2.254793868001204460e-01
-2.537527683080371133e-01
-2.821599501777171115e-01
-3.106994051063795559e-01
-3.393696125724768309e-01
-3.681690576636314494e-01
-3.970962299519030236e-01
-4.261496224072920391e-01
-4.553277303457560210e-01
-4.846290504091320117e-01
-5.140520795747751670e-01
-5.435953141929278365e-01
-5.732572490500127405e-01
-6.030363764561269546e-01
-6.329311853551817801e-01
-6.629401604561885319e-01
-6.930617813843195085e-01
-7.232945218504175378e-01
-7.536368488377557240e-01
-7.840872218048718922e-01
-8.146440919033997030e-01
-8.453059012098607106e-01
-8.760710905887177935e-01
-9.069380630272622090e-01
-9.379052387549250414e-01
-9.689710162721676401e-01
-1.000133781342897432e+00
-1.031391906278877668e+00
-1.062743749209365873e+00
-1.094187653341216482e+00
-1.125721946132821172e+00
-1.157344940318207005e+00
-1.189054923139423625e+00
-1.220850188106453293e+00
-1.252728978384551217e+00
-1.284689538896593541e+00
-1.316730089915138846e+00
-1.348848839655062193e+00
-1.381043957622192009e+00
-1.413313606203004724e+00
-1.445655921794035459e+00
-1.478069018114364974e+00
-1.510550985567944871e+00
-1.543099890606060676e+00
-1.575713775089421897e+00
-1.608390655649448497e+00
-1.641128523048332566e+00
-1.673925341537503053e+00
-1.706779048214241312e+00
-1.739687552375991153e+00
-1.772648748352392278e+00
-1.805660467876373243e+00
-1.838720512124274009e+00
-1.871826720472498540e+00
-1.904976833026631455e+00
-1.938168578586363822e+00
-1.971399653559715359e+00
-2.004667721296585103e+00
-2.037970411419557593e+00
-2.071305577409161991e+00
-2.104670340456597177e+00
-2.138062424105494852e+00
-2.171479319630938321e+00
-2.204918481586530810e+00
-2.238377327137477835e+00
-2.271853235387194747e+00
-2.305343546700113766e+00
-2.338845562012050738e+00
-2.372356542136010660e+00
-2.405873949516469601e+00
-2.439394539789209837e+00
-2.472915643983142342e+00
-2.506434358355352554e+00
-2.539947736005632617e+00
-2.573452786214188492e+00
-2.606946473778138706e+00
-2.640425718346988138e+00
-2.673887393757165665e+00
-2.707328327365823739e+00
-2.740745299384077072e+00
-2.774135044493533986e+00
-2.807494242638050252e+00
-2.840819530416294647e+00
-2.874107492812417064e+00
-2.907354664334914407e+00
-2.940557528352052419e+00
-2.973712516428539399e+00
-3.006816007663875467e+00
-3.039864328032714003e+00
-3.072853749727652239e+00
-3.105780490504845393e+00
-3.138640713032911478e+00
-3.171430524245554494e+00
-3.204145974698265675e+00
-3.236783057928999341e+00
-3.269337709693277194e+00
-3.301805807788078528e+00
-3.334183170897560888e+00
-3.366465558190999463e+00
-3.398648668759180591e+00
-3.430728140978418050e+00
-3.462699551930710662e+00
-3.494558416810965351e+00
-3.526300188384666079e+00
-3.557920256420778582e+00
-3.589413947155187135e+00
-3.620776516888985164e+00
-3.652003175659451095e+00
-3.683089049170353846e+00
-3.714029204593201516e+00
-3.744818643021849525e+00
-3.775452296105125338e+00
-3.805925036660907868e+00
-3.836231662913437201e+00
