2.547614992349696572e-01
2.611659107400270408e-01
2.675708696421162935e-01
2.739791310312723049e-01
2.803930181533594856e-01
2.868157698248059995e-01
2.932502788426916140e-01
2.996997051855337935e-01
3.061673799595163170e-01
3.126568218318206971e-01
3.191717552711303973e-01
3.257161308383442200e-01
3.322941478085406075e-01
3.389102794509061267e-01
3.455693013468517649e-01
3.522763231905527981e-01
3.590368245925110169e-01
3.658566967894941180e-01
3.727422821135744635e-01
3.797004377112767615e-01
3.867385845523948484e-01
3.938647785060890860e-01
4.010877877672958114e-01
4.084171819247863766e-01
4.158634347916461693e-01
4.234380435751183280e-01
4.311536675184960421e-01
4.390242897331327332e-01
4.470654085350975748e-01
4.552942594620272843e-01
4.637300831812753987e-01
4.723944411208707006e-01
4.813115957497090536e-01
4.905089681981287253e-01
5.000176938788172265e-01
5.098733015463252638e-01
5.201165244827002931e-01
5.307944616392396009e-01
5.419616324075473557e-01
5.536818639638136919e-01
5.660302690649166024e-01
5.790959810692235532e-01
5.929856972993632347e-01
6.078283928675625170e-01
6.237816227462835705e-01
6.410401984739004799e-01
6.598482868277981694e-01
6.805165763510393484e-01
7.034474146683299400e-01
7.291726848752870804e-01
7.584117648758446073e-01
7.921664476144870681e-01
8.318790240229562150e-01
8.797153052729412837e-01
9.391041494789287292e-01
1.015862942061767082e+00
1.120840407549284379e+00
5.000000000000000000e-01
5.000000000000000000e-01
5.000000000000000000e-01
