-3.274801709878500389e-01
-5.487268661517014090e-01
-7.699735606229427543e-01
-9.912202551384473592e-01
-1.212466949147812167e+00
-1.433713641695217644e+00
-1.654960340175762434e+00
-1.876207035500676579e+00
-2.097453730714515352e+00
-2.318700425902625373e+00
-2.539947121100297966e+00
-2.761193816325215433e+00
-2.982440511585998433e+00
-3.203687206885157845e+00
-3.424933902220633541e+00
-3.646180597586712313e+00
-3.867427292974953357e+00
-4.088673988374844193e+00
-4.309920683774648431e+00
-4.531167379163394848e+00
-4.752414074535430188e+00
-4.973660769899172607e+00
-5.194907465283288062e+00
-5.416154181999921491e+00
-5.637400853586194138e+00
-5.858647547731926863e+00
-6.079894240677016448e+00
-6.301140935723914538e+00
-6.522387623241883148e+00
-6.743634331286462391e+00
-6.964881028993890055e+00
-7.186127722548498298e+00
-7.407374417680819612e+00
-7.628621112747699939e+00
-7.849867807807600961e+00
-8.071114502876563179e+00
-8.292361197957850649e+00
-8.513607893051197806e+00
-8.734854588155448241e+00
-8.956101283269319424e+00
-9.177347978391576788e+00
-9.398594672732292210e+00
-9.619841367590678871e+00
-9.841088062730094066e+00
-1.006233475786917886e+01
-1.028358145300801496e+01
-1.050482814814664856e+01
-1.072607484328515959e+01
-1.094732153842360667e+01
-1.116856823356204309e+01
-1.138981492870052215e+01
-1.161106162383908469e+01
-1.183230831897777513e+01
-1.205355501411663077e+01
-1.227480170925568181e+01
-1.249604844460122877e+01
-1.271729513926709743e+01
-1.293854183363194110e+01
-1.315978852770804508e+01
-1.338103522150990798e+01
-1.360228191505386874e+01
-1.382352860835774599e+01
-1.404477530144056274e+01
-1.426602199432229412e+01
-1.448726868702353165e+01
-1.470851537956539445e+01
-1.492976207196924143e+01
-1.515100876425651855e+01
-1.537225545644849589e+01
-1.559350214856617711e+01
-1.581474883242656482e+01
-1.603599552758905489e+01
-1.625724222467576041e+01
-1.647848891669497817e+01
-1.669973561505675974e+01
-1.692098231017747167e+01
-1.714222900526131710e+01
-1.736347570032483034e+01
-1.758472239537919535e+01
-1.780596909043149978e+01
-1.802721578548602466e+01
-1.824846248054516806e+01
-1.846970917561015924e+01
-1.869095587068150977e+01
-1.891220256575927650e+01
-1.913344926084330666e+01
-1.935469595593328407e+01
-1.957594265102885700e+01
-1.979718934612960979e+01
-2.001843604123517295e+01
-2.023968273634516990e+01
-2.046092943145923471e+01
-2.068217612589865340e+01
-2.090342282107046401e+01
-2.112466951624132960e+01
-2.134591621141136031e+01
-2.156716290658063073e+01
-2.178840960129077686e+01
-2.200965629584445438e+01
-2.223090299003804660e+01
-2.245214968343444539e+01
-2.267339637491970805e+01
-2.289464305871786109e+01
-2.311588912360731030e+01
-2.333713646342019388e+01
-2.355838316719657755e+01
-2.377962986269384515e+01
-2.400087655640666284e+01
-2.422212325019035362e+01
-2.444336994415322906e+01
-2.466461663827374906e+01
-2.488586333252728977e+01
-2.510711002689626170e+01
-2.532835672136820548e+01
-2.554960341593393736e+01
-2.577085011058609609e+01
-2.599209680482644202e+01
-2.621334349967322908e+01
-2.643459019458002857e+01
