-9.722684477058965435e-02
-5.715675488170947338e-02
3.629390662764394281e-03
7.466257348484379996e-02
1.512606682795222812e-01
2.311573339933678251e-01
3.131800832311892879e-01
3.966874768815366603e-01
4.813115957497090536e-01
5.668326978827489260e-01
6.531149071519025684e-01
7.400716636741511145e-01
8.276463816106868210e-01
9.158013853673403482e-01
1.004510990905334022e+00
1.093757629481253657e+00
1.183529137890201088e+00
1.273817108513926488e+00
1.364615785334711395e+00
1.455921317425577843e+00
1.547731264233654258e+00
1.640044219192344999e+00
1.732859572373933510e+00
1.826177327165803943e+00
1.919997964578268768e+00
2.014322351727428018e+00
2.109151664080232802e+00
2.204487333233228874e+00
2.300331003411911102e+00
2.396684497481867293e+00
2.493549798819319818e+00
2.590929020669392902e+00
2.688824397501325958e+00
2.787238270702478538e+00
2.886173078528543101e+00
2.985631348013892516e+00
3.085615688435754844e+00
3.186128786019648107e+00
3.287173399645486604e+00
3.388752357358954637e+00
3.490868553562974430e+00
3.593524946730963343e+00
3.696724557594292637e+00
3.800470467697913080e+00
3.904765818276732414e+00
4.009613809401156637e+00
4.115017699352147673e+00
4.220980804193207980e+00
4.327506497512202621e+00
4.434598210311142985e+00
4.542259431025120087e+00
4.650493705655149412e+00
4.759304638002011423e+00
4.868695889990410031e+00
4.978671182073999724e+00
5.089234293714112844e+00
5.200389063925135780e+00
5.312139391881649964e+00
5.424489237582176493e+00
5.537442622565854400e+00
5.651003630678856027e+00
5.765176408887239035e+00
