3.665229923814433688e-02
1.871735270861623057e-01
2.807260645871134663e-01
3.429765890895387082e-01
3.864417027545827832e-01
4.178883053812396109e-01
4.412623462357833648e-01
4.590024496210526883e-01
4.726868628669767536e-01
4.833761306144318537e-01
4.918055955826446946e-01
4.984986989250284606e-01
5.038366141818216848e-01
5.081024750490300557e-01
5.115101781025435113e-01
5.142238075215002091e-01
5.163709483344579576e-01
5.180520071540221094e-01
5.193468687661217942e-01
5.203197110124500036e-01
5.210225565273903792e-01
5.214979173142063607e-01
5.217807911959848610e-01
5.219001851889883969e-01
5.218802784450956578e-01
5.217413985765471107e-01
5.215006210680935839e-01
5.211724494450181711e-01
5.207692219356057084e-01
5.203014814800244192e-01
5.197782720647073917e-01
5.192073792400800913e-01
5.185955274176093921e-01
5.179485418790166218e-01
5.172714825193778232e-01
5.165687559558658215e-01
5.158442088119670199e-01
5.151012060456116037e-01
5.143427048617913444e-01
5.135712725001490009e-01
5.127892052211114882e-01
5.119985067749284191e-01
5.112009374634708392e-01
5.103980709776615443e-01
5.095912744696983188e-01
5.087817707296700132e-01
5.079706380129739296e-01
5.071588304094936106e-01
5.063471922672507786e-01
5.055364707725330531e-01
5.047273269476685309e-01
5.039203452870216760e-01
5.031160310711401129e-01
5.023148597495531442e-01
5.015172246159236291e-01
5.007234794020934965e-01
4.999339347725662575e-01
4.991488628734673805e-01
4.983685013705618783e-01
4.975930570392707586e-01
4.968227089611333969e-01
4.960576113739051385e-01
4.952978962162418175e-01
4.945436754026015236e-01
4.937950428594122254e-01
4.930520763496205050e-01
4.923148391093988274e-01
4.915833813178590583e-01
4.908577414181108933e-01
4.901379473057743685e-01
4.894240173992104870e-01
4.887159616044196020e-01
4.880137820245114555e-01
4.873174759612323714e-01
4.866270305192486600e-01
4.859424296874145233e-01
4.852636482363489878e-01
4.845906683433401918e-01
4.839234571353572822e-01
4.832619816597485962e-01
4.826062058676244271e-01
4.819560909680904448e-01
4.813115957497090536e-01
4.806726768721167331e-01
4.800392891306458631e-01
4.794113856964684617e-01
4.787889183354490652e-01
4.781718376020521188e-01
4.775600930251618359e-01
4.769536332665876288e-01
4.763524062700688622e-01
4.757563593960194015e-01
4.751654395410502274e-01
4.745795932506494674e-01
4.739987668183517355e-01
4.734229063754298861e-01
4.728519579733801437e-01
4.722858676577371129e-01
4.717245815348878324e-01
4.711680458323480591e-01
4.706162069530451797e-01
4.700690115241862865e-01
4.695264064411238669e-01
4.689883354765989609e-01
4.684547527827760405e-01
4.679256030909993980e-01
4.674008347222394777e-01
4.668803964241098892e-01
4.663642373927114892e-01
4.658523072918254182e-01
4.653445562696958415e-01
4.648409349735968532e-01
4.643413945623851569e-01
4.638458867172156608e-01
4.633543636505675911e-01
4.628667781137445481e-01
4.623830834029736825e-01
4.619032333642270616e-01
4.614271823968875696e-01
4.609548854563534914e-01
4.604862980556859720e-01
4.600213762663714068e-01
4.595600767183108948e-01
4.591023565990687838e-01
4.586481736524850583e-01
4.581974861766921481e-01
4.577502530216001064e-01
4.573064335859043372e-01
4.568659878136620001e-01
4.564288761904810587e-01
4.559950597393626071e-01
4.555645000162373837e-01
4.551371591052266741e-01
4.547129996136560770e-01
4.542919846668666550e-01
4.538740779028251904e-01
4.534592434665803418e-01
4.530474460045760265e-01
4.526386506588431224e-01
4.522328230610915822e-01
4.518299293267152295e-01
4.514299360487320500e-01
4.510328102916650872e-01
4.506385195853893078e-01
4.502470319189387782e-01
4.498583157343054029e-01
4.494723399202245062e-01
4.490890738059598597e-01
4.487084871551021981e-01
4.483305501593808362e-01
4.479552334324966578e-01
4.475825080039897430e-01
4.472123443734941084e-01
4.468447162407588324e-01
4.464795949296877509e-01
4.461169530726261101e-01
4.457567636876957340e-01
4.453990001729334902e-01
4.450436363004892093e-01
4.446906462108832780e-01
4.443400044073279043e-01
4.439916857501121639e-01
4.436456654510533282e-01
4.433019190680156929e-01
4.429604224995013495e-01
4.426211519793062377e-01
4.422840840712494725e-01
4.419491956639758912e-01
4.416164639658259339e-01
4.412858664997827973e-01
4.409573810984872555e-01
4.406309858993299189e-01
4.403066593396106621e-01
4.399843801517763775e-01
4.396641273587266752e-01
4.393458802691934117e-01
4.390296184731897755e-01
4.387153218375340891e-01
4.384029705014428346e-01
4.380925448721910143e-01
4.377840256208472836e-01
4.374773936780735895e-01
4.371726302299958067e-01
4.368697167141419313e-01
4.365686348154445562e-01
4.362693664623122913e-01
4.359718938227658547e-01
4.356761993006382783e-01
4.353822655318396739e-01
4.350900753806812293e-01
4.347996119362696477e-01
4.345108585089523245e-01
4.342237986268311367e-01
4.339384160323316864e-01
4.336546946788308321e-01
4.333726187273448383e-01
4.330921725432722580e-01
4.328133406931932714e-01
4.325361079417222587e-01
4.322604592484198816e-01
4.319863797647513493e-01
4.317138548311038049e-01
4.314428699738500628e-01
4.311734109024667472e-01
4.309054635067006145e-01
4.306390138537840029e-01
4.303740481856997424e-01
4.301105529164923613e-01
4.298485146296257553e-01
4.295879200753854876e-01
4.293287561683311604e-01
4.290710099847873105e-01
4.288146687603801022e-01
4.285597198876148206e-01
4.283061509135013267e-01
4.280539495372113201e-01
4.278031036077836191e-01
4.275536011218676324e-01
4.273054302214999156e-01
4.270585791919282448e-01
4.268130364594675541e-01
4.265687905893928433e-01
4.263258302838702773e-01
4.260841443799228689e-01
4.258437218474307451e-01
4.256045517871661077e-01
4.253666234288640546e-01
4.251299261293183807e-01
4.248944493705224534e-01
4.246601827578312949e-01
4.244271160181600222e-01
4.241952389982093785e-01
4.239645416627257912e-01
