1.999387104793321823e+00
1.999387104785588010e+00
1.999387104777823776e+00
1.999387104770036006e+00
1.999387104762229361e+00
1.999387104754410283e+00
1.999387104746586319e+00
1.999387104738513221e+00
1.999387104730954823e+00
1.999387104723163056e+00
1.999387104715400598e+00
1.999387104707677221e+00
1.999387104700002693e+00
1.999387104692387895e+00
1.999387104684844596e+00
1.999387104677387894e+00
1.999387104670027338e+00
1.999387104662778025e+00
1.999387104655653058e+00
1.999387104648665536e+00
1.999387105453284574e+00
1.999387105456239322e+00
1.999387105488827920e+00
1.999387105583682267e+00
1.999387105754837357e+00
1.999387105924067765e+00
1.999387105998526426e+00
1.999387105994826053e+00
1.999387105962559197e+00
1.999387104590114816e+00
1.999387104585840236e+00
1.999387104581966224e+00
1.999387104578533192e+00
1.999387104575597096e+00
1.999387104573219665e+00
1.999387104571475726e+00
1.999387104570467866e+00
1.999387104570305107e+00
1.999387104571138440e+00
1.999387104573139506e+00
1.999387104576530572e+00
1.999387105857321822e+00
1.999387105807524545e+00
1.999387104597778020e+00
1.999387104609703369e+00
1.999387104624711808e+00
