2.007544674044366761e+00
2.006376375796292688e+00
2.005209014482937757e+00
2.004042667700994595e+00
2.002877303228438599e+00
2.001712922322651522e+00
2.000549523928854878e+00
1.999387107101435523e+00
1.998225670905826812e+00
1.997065214380946196e+00
1.995905736544498321e+00
1.994747236402900414e+00
1.993589712956567395e+00
1.992433165201488166e+00
1.991277592128633200e+00
1.990122992721798045e+00
1.988969365954092350e+00
1.987816710784064078e+00
1.986665026150547853e+00
1.985514310970603491e+00
1.984364564140004505e+00
1.983215784546875637e+00
1.982067971102515092e+00
1.980921122799009559e+00
1.979775239619616878e+00
1.978630319217507649e+00
1.977486364329567481e+00
1.976343369490209279e+00
1.975201329202027623e+00
1.974060262392989040e+00
1.972920147437023042e+00
1.971780990240753262e+00
1.970642789327582634e+00
1.969505544587677903e+00
1.968369258030932656e+00
1.967233922452872763e+00
1.966099539831021259e+00
1.964966109221717216e+00
1.963833629695923566e+00
1.962702100341520151e+00
1.961571511933361212e+00
1.960441878488213607e+00
1.959313192067761999e+00
1.958185451700740654e+00
1.957058656417228315e+00
1.955932805248642659e+00
1.954807897227700542e+00
1.953683931388377149e+00
1.952560906765884896e+00
1.951438822396647454e+00
1.950317677318268661e+00
1.949197470569516977e+00
1.948078201190316605e+00
1.946959868221721957e+00
1.945842470705912985e+00
1.944726007686188085e+00
1.943610478206949432e+00
1.942495881313706541e+00
1.941382216053060938e+00
1.940269481472710833e+00
1.939157676621439341e+00
1.938046800549116044e+00
1.936936852306696322e+00
1.935827830946210248e+00
1.934719735520771700e+00
1.933612565084565471e+00
1.932506318692856384e+00
1.931400995401974852e+00
1.930296594269326427e+00
1.929193114353384031e+00
1.928090554713691507e+00
1.926988914410856069e+00
1.925888192506551855e+00
1.924788388063514821e+00
1.923689500145545184e+00
1.922591527817504753e+00
1.921494470145312272e+00
1.920398326195950078e+00
1.919303095037452556e+00
1.918208775738914351e+00
1.917115367370481938e+00
1.916022869003360718e+00
1.914931279709801482e+00
1.913840598563113948e+00
1.912750824637651226e+00
1.911661957008819579e+00
1.910573994753072213e+00
1.909486936947908164e+00
1.908400782671872298e+00
1.907315531004553533e+00
1.906231181396093488e+00
1.905147732279589556e+00
1.904065182920731569e+00
1.902983532499499031e+00
1.901902780100679369e+00
1.900822924810095849e+00
1.899743965714606020e+00
1.898665901902105935e+00
1.897588732461521710e+00
1.896512456482817077e+00
1.895437073056981614e+00
1.894362581276038071e+00
1.893288980233037266e+00
1.892216269022056974e+00
1.891144446738204588e+00
1.890073512477609796e+00
1.889003465337427023e+00
1.887934304415834763e+00
1.886866028812032914e+00
1.885798637626239893e+00
1.884732129959697300e+00
1.883666504914663919e+00
1.882601761594411949e+00
1.881537899103232547e+00
1.880474916546433617e+00
1.879412813030332252e+00
1.878351587662260735e+00
1.877291239550559876e+00
1.876231767804584338e+00
1.875173171534695982e+00
1.874115449852260307e+00
1.873058601869656226e+00
1.872002626700263184e+00
1.870947523458465378e+00
1.869893291259651980e+00
1.868839929220211138e+00
1.867787436457533978e+00
1.866735812090010826e+00
1.865685055237027878e+00
1.864635165018972307e+00
1.863586140557222937e+00
1.862537980974157570e+00
1.861490685393145883e+00
1.860444252938548537e+00
1.859398682735718955e+00
1.858353973911002432e+00
1.857310125591730587e+00
1.856267136906224025e+00
1.855225006983790115e+00
1.854183734954721219e+00
1.853143319950296020e+00
1.852103761102773083e+00
1.851065057545395964e+00
1.850027208412390101e+00
1.848990212838956815e+00
1.847954069961278423e+00
