-1.336843435363756427e+01
-1.336935517470813473e+01
-1.337021622082026084e+01
-1.337102587542088550e+01
-1.337179080579729096e+01
-1.337251640978610290e+01
-1.337320712442061676e+01
-1.337386664550109927e+01
-1.337449808735529366e+01
-1.337510410018054330e+01
-1.337568696039433291e+01
-1.337624863890614968e+01
-1.337679085450340288e+01
-1.337731511589021949e+01
-1.337782275565890977e+01
-1.337831495648706692e+01
-1.337879277302158165e+01
-1.337925715242101887e+01
-1.337970894579290793e+01
-1.338014892265517197e+01
-1.338057778087808991e+01
-1.338099615592811986e+01
-1.338140462691766963e+01
-1.338180372473242130e+01
-1.338219393680576630e+01
-1.338257571190022333e+01
-1.338294946394028706e+01
-1.338331557571055619e+01
-1.338367440188007329e+01
-1.338402627182247606e+01
-1.338437149263165438e+01
-1.338471034934284098e+01
-1.338504310951569032e+01
-1.338537002292958888e+01
-1.338569132360190572e+01
-1.338600723111380830e+01
-1.338631795180795159e+01
-1.338662367986489699e+01
-1.338692459826568459e+01
-1.338722087965474827e+01
-1.338751268711860654e+01
-1.338780017586091553e+01
-1.338808348899739542e+01
-1.338836276770387812e+01
-1.338863814278901110e+01
-1.338890973852334909e+01
-1.338917767351989951e+01
-1.338944206054178565e+01
-1.338970300708614758e+01
-1.338996061555325845e+01
-1.339021498360921392e+01
-1.339046620447024694e+01
-1.339071436690044337e+01
-1.339095955714931563e+01
-1.339120185570542532e+01
-1.339144134092367899e+01
-1.339167808758274525e+01
-1.339191216738234225e+01
-1.339214364911194721e+01
-1.339237259880939135e+01
-1.339259907990876464e+01
-1.339282315337842810e+01
-1.339304487784992048e+01
-1.339326430973849114e+01
-1.339348150536287818e+01
-1.339369651267279160e+01
-1.339390938443252033e+01
-1.339412016912182501e+01
-1.339432891347712484e+01
-1.339453566383749994e+01
-1.339474046310528621e+01
-1.339494335348733678e+01
-1.339514437577158468e+01
-1.339534356971219964e+01
-1.339554097273902933e+01
-1.339573662216026051e+01
-1.339593055369182650e+01
-1.339612280176604564e+01
-1.339631340020750550e+01
-1.339650238130599291e+01
-1.339668977653543180e+01
-1.339687561641664182e+01
-1.339705993055638977e+01
-1.339724274768438939e+01
-1.339742409568837900e+01
-1.339760400164745135e+01
-1.339778249186371895e+01
-1.339795959189243746e+01
-1.339813532657064243e+01
-1.339830972004443232e+01
-1.339848279579492463e+01
-1.339865457666302007e+01
-1.339882508487297486e+01
-1.339899434205490891e+01
-1.339916236926627313e+01
-1.339932918701235032e+01
-1.339949481526581110e+01
-1.339965927348543850e+01
-1.339982258063398923e+01
-1.339998475516860843e+01
-1.340014581516964931e+01
-1.340030577817910995e+01
-1.340046466133895464e+01
-1.340062248137366652e+01
-1.340077925460404984e+01
-1.340093499696046386e+01
-1.340108972399555043e+01
-1.340124345089655122e+01
-1.340139619249388581e+01
-1.340154796329006892e+01
-1.340169877741407767e+01
-1.340184864872818515e+01
-1.340199759074714336e+01
-1.340214561669190907e+01
-1.340229273948028421e+01
-1.340243897176815580e+01
-1.340258432591705606e+01
-1.340272881402570171e+01
-1.340287244793275789e+01
-1.340301523922440907e+01
-1.340315719924165272e+01
-1.340329833908731239e+01
-1.340343866963282338e+01
-1.340357820152475554e+01
-1.340371694519110335e+01
-1.340385491084735570e+01
-1.340399210850235434e+01
-1.340412854796066178e+01
-1.340426423884056639e+01
-1.340439919056563589e+01
-1.340453341236448104e+01
-1.340466691329731219e+01
-1.340479970224493833e+01
-1.340493178791711948e+01
-1.340506317885698095e+01
-1.340519388344526774e+01
-1.340532390995670120e+01
-1.340545326638468282e+01
-1.340558196068065833e+01
-1.340571000061857987e+01
-1.340583739382976169e+01
-1.340596414780642043e+01
-1.340609026990506258e+01
-1.340621576734978326e+01
-1.340634064723544938e+01
-1.340646491653076744e+01
-1.340658858221794425e+01
-1.340671165079308658e+01
-1.340683412896874493e+01
-1.340695602324078450e+01
-1.340707733999343354e+01
-1.340719808550188574e+01
-1.340731826593482090e+01
-1.340743788735686337e+01
-1.340755695573095529e+01
-1.340767547692066941e+01
-1.340779345669245792e+01
-1.340791090071978076e+01
-1.340802781457799142e+01
-1.340814420375653704e+01
-1.340826007365461869e+01
-1.340837542958461448e+01
-1.340849027677399974e+01
-1.340860462036716605e+01
-1.340871846542722423e+01
-1.340883181693774517e+01
-1.340894467980445270e+01
-1.340905705885687027e+01
-1.340916895884993387e+01
-1.340928038446555526e+01
-1.340939134031413005e+01
-1.340950183093603876e+01
-1.340961186080292400e+01
-1.340972143431960717e+01
-1.340983055582486827e+01
-1.340993922959300733e+01
-1.341004745983518731e+01
-1.341015525070066694e+01
-1.341026260627803346e+01
-1.341036953059640524e+01
-1.341047602762660951e+01
-1.341058210128232098e+01
-1.341068775542118630e+01
-1.341079299383834567e+01
-1.341089782029853694e+01
-1.341100223848900974e+01
-1.341110625205411111e+01
-1.341120986458723685e+01
-1.341131307962802488e+01
-1.341141590067743294e+01
-1.341151833117900871e+01
