1.752716626068333006e-01
4.636947557219159299e-02
-7.433667709649798006e-02
-1.887893605784492779e-01
-2.982582874424203334e-01
-4.036245793443751229e-01
-5.055282793665957231e-01
-6.044514224808003044e-01
-7.007678524960324618e-01
-7.947746171706940865e-01
-8.867126294285320176e-01
-9.767806706513889603e-01
-1.065145227812651418e+00
-1.151947560620485422e+00
-1.237308874361925604e+00
-1.321334205563027719e+00
-1.404115381603833868e+00
-1.485733309974313077e+00
-1.566259776753657240e+00
-1.645758874259657167e+00
-1.724288150551563925e+00
-1.801899543063259612e+00
-1.878640144676148482e+00
-1.954552837565405987e+00
-2.029676813770725285e+00
-2.104048062306271838e+00
-2.177699664344189934e+00
-2.250662188692018173e+00
-2.322963935846589667e+00
-2.394631177677576161e+00
-2.465688363348524703e+00
-2.536158298083430740e+00
-2.606062299553969730e+00
-2.675420336085106321e+00
-2.744251145751843257e+00
-2.812572344518187606e+00
-2.880400521295712224e+00
-2.947751322721351652e+00
-3.014639476049036926e+00
-3.081079116548858465e+00
-3.147083345192394521e+00
-3.212664757899154733e+00
-3.277835297866268593e+00
-3.342606290734722041e+00
-3.406988545138255553e+00
-3.470992342341769454e+00
-3.534627492899929724e+00
-3.597903363302167090e+00
-3.660828904448667043e+00
-3.723412677770895574e+00
-3.785662879232416955e+00
-3.847587361417785790e+00
-3.909193645572316189e+00
-3.970488969825282766e+00
-4.031480267441734711e+00
-4.092174206372513723e+00
-4.152577198912704937e+00
-4.212695415596119375e+00
-4.272534798116807586e+00
-4.332101071360705546e+00
-4.391399754622182350e+00
-4.450436172072958385e+00
-4.509215462544246655e+00
-4.567742588677123017e+00
-4.626022345490949483e+00
-4.684059368414830615e+00
-4.741858140823087098e+00
-4.799423001111844833e+00
-4.856758149350469012e+00
-4.913867653538098068e+00
-4.970755455492408714e+00
-5.027425376396480239e+00
-5.083881118523398079e+00
-5.140126292493582660e+00
-5.196164371419693673e+00
-5.251998742744231841e+00
-5.307632698597919862e+00
-5.363069447716348748e+00
-5.418312092131680302e+00
-5.473363654337655149e+00
-5.528227074287609177e+00
-5.582905212597192524e+00
-5.637400853586194138e+00
-5.691716708169510142e+00
-5.745855416606664434e+00
-5.799819551118758909e+00
-5.853611618379883197e+00
-5.907234061890977550e+00
-5.960689264242440721e+00
-6.013979549272430170e+00
-6.067107184126268926e+00
-6.120074381222583071e+00
-6.172883300131493556e+00
-6.225536049369591929e+00
-6.278034688116177264e+00
-6.330381227854831039e+00
-6.382577633944689133e+00
-6.434625827124751396e+00
-6.486527684954729978e+00
-6.538285043195933177e+00
-6.589899697135046530e+00
-6.641373402853750108e+00
-6.692707878446851666e+00
-6.743904803372002377e+00
-6.794965826356159866e+00
-6.845892557005872625e+00
-6.896686572707187324e+00
-6.947349418262565024e+00
-6.997882606848985887e+00
-7.048287620939607478e+00
-7.098565913190737042e+00
-7.148718907295655178e+00
-7.198747998806846127e+00
-7.248654555928051302e+00
-7.298439920277473014e+00
-7.348105407623487295e+00
-7.397652308593994697e+00
-7.447081889360593010e+00
-7.496395392298700777e+00
-7.545594036624633461e+00
-7.594679019010603938e+00
-7.643651514178574580e+00
-7.692512675473974326e+00
-7.741263635419875833e+00
-7.789905506252724265e+00
-7.838439380440137327e+00
-7.886866331181650480e+00
-7.935187412893055736e+00
-7.983403661674951302e+00
-8.031516095766225050e+00
-8.079525715982937228e+00
-8.127433506143317388e+00
-8.175240433479318725e+00
-8.222947449035224565e+00
-8.270555488053970450e+00
-8.318065470351413637e+00
-8.365478300679210832e+00
-8.412794869076600790e+00
-8.460016051211585619e+00
-8.507142708711844747e+00
-8.554175689485791878e+00
-8.601115828034123112e+00
-8.647963945752229264e+00
-8.694720851223751268e+00
-8.741387340505609060e+00
-8.787964197404869893e+00
-8.834452193747631910e+00
-8.880852089640315583e+00
-8.927164633723538856e+00
-8.973390563418897514e+00
-9.019530605168840864e+00
-9.065585474669923371e+00
-9.111555877447219842e+00
-9.157442507705336965e+00
-9.203246050566392000e+00
-9.248967180950625533e+00
-9.294606564106558722e+00
-9.340164855808763988e+00
-9.385642702550484273e+00
-9.431040741731093746e+00
-9.476359601838579394e+00
-9.521599902627986722e+00
-9.566762255293690842e+00
-9.611847262638862688e+00
-9.656855519239790908e+00
-9.701787611606153661e+00
-9.746644118337295382e+00
-9.791425610274428593e+00
-9.836132650649592080e+00
-9.880765795229926596e+00
-9.925325592459298463e+00
-9.969812583595935251e+00
-1.001422730284700791e+01
-1.005857027749974186e+01
-1.010284202804943732e+01
-1.014704306832442882e+01
-1.019117390560804282e+01
-1.023523504075768464e+01
-1.027922696832111171e+01
-1.032315017664996049e+01
-1.036700514801064088e+01
-1.041079235869266384e+01
-1.045451227911444825e+01
-1.049816537392673155e+01
-1.054175210211356095e+01
-1.058527291709106599e+01
-1.062872826680392890e+01
-1.067211859381975714e+01
-1.071544433542126917e+01
-1.075870592369647660e+01
-1.080190378562689979e+01
-1.084503834317374604e+01
-1.088811001336230433e+01
-1.093111920836443041e+01
-1.097406633557928757e+01
-1.101695179771228972e+01
-1.105977599285243684e+01
-1.110253931454791676e+01
-1.114524215188012590e+01
-1.118788488953616067e+01
-1.123046790787971894e+01
-1.127299158302057869e+01
-1.131545628688258631e+01
-1.135786238727025221e+01
-1.140021024793397508e+01
-1.144250022863390193e+01
-1.148473268520254109e+01
-1.152690796960601460e+01
-1.156902643000415587e+01
-1.161108841080932841e+01
-1.165309425274410415e+01
-1.169504429289779601e+01
-1.173693886478183046e+01
-1.177877829838403834e+01
-1.182056292022191712e+01
-1.186229305339477591e+01
-1.190396901763491755e+01
-1.194559112935783673e+01
-1.198715970171135403e+01
-1.202867504462395054e+01
-1.207013746485204564e+01
-1.211154726602643805e+01
-1.215290474869785164e+01
-1.219421021038161967e+01
-1.223546394560152351e+01
-1.227666624593281242e+01
-1.231781740004443471e+01
-1.235891769374043925e+01
-1.239996741000067004e+01
-1.244096682902067919e+01
-1.248191622825089730e+01
-1.252281588243511479e+01
-1.256366606364822580e+01
