-1.653005490777129882e+00
-1.682281102572771303e+00
-1.712210029675635292e+00
-1.742814387956740818e+00
-1.774117302894222314e+00
-1.806142967850129732e+00
-1.838916706431032333e+00
-1.872465039270293286e+00
-1.906815755601571016e+00
-1.941997990031338883e+00
-1.978042304953131492e+00
-2.014980779096566366e+00
-2.052847102748539765e+00
-2.091676680241317587e+00
-2.131506740362727470e+00
-2.172376455412243335e+00
-2.214327069703229345e+00
-2.257402038397508193e+00
-2.301647177654607024e+00
-2.347110827186336568e+00
-2.393844026147424753e+00
-2.441900705393807769e+00
-2.491337893419114380e+00
-2.542215943230578201e+00
-2.594598777880392504e+00
-2.648554158428053196e+00
-2.704153976345395449e+00
-2.761474573051601489e+00
-2.820597089662425283e+00
-2.881607850797917703e+00
-2.944598782907642320e+00
-3.009667879762508047e+00
-3.076919708911159734e+00
-3.146465972977599446e+00
-3.218426128792205354e+00
-3.292928072129854833e+00
-3.370108896311845292e+00
-3.450115734137536361e+00
-3.533106694023969929e+00
-3.619251902885427974e+00
-3.708734670227122443e+00
-3.801752789490803419e+00
-3.898520000469875679e+00
-3.999267625249093960e+00
-4.104246414512142671e+00
-4.213728634839142728e+00
