1.229042355928282859e+01
1.116182632256659879e+01
1.022199893286231465e+01
9.427292382213961375e+00
8.746545289288018665e+00
8.156917362382607450e+00
7.641286436189579589e+00
7.186564967354621913e+00
6.782578142857229153e+00
6.421296431774981883e+00
6.096298752222208961e+00
5.802389043424102333e+00
5.535317524476503159e+00
5.291574730720696174e+00
5.068237127643303808e+00
4.862849744947869368e+00
4.673335774771126161e+00
4.497926977359909984e+00
4.335107924979334726e+00
4.183572659619461120e+00
4.042189667004867815e+00
3.909973739581030561e+00
3.786062984338491422e+00
3.669700225878772759e+00
3.560217541307638900e+00
3.457023493764830757e+00
3.359592486644333853e+00
3.267455850940920392e+00
3.180194346322745780e+00
3.097431815784038811e+00
3.018829830054159391e+00
2.944082981055974990e+00
2.872915070189520304e+00
2.805075622607673846e+00
2.740336981318462595e+00
2.678491768011147300e+00
2.619350675821745966e+00
2.562740544173290225e+00
2.508502674285463918e+00
2.456491351016458324e+00
2.406572542275575710e+00
2.358622778576421997e+00
2.312528003687150502e+00
2.268182940954707405e+00
2.225490042680596137e+00
2.184358874650274895e+00
2.144705489256089059e+00
2.106451841258560442e+00
2.069525282619380402e+00
2.033858100658161749e+00
1.999387107101435523e+00
1.966053266519667053e+00
1.933801353455001371e+00
1.902579691316542698e+00
1.872339790561851069e+00
1.843036185037248087e+00
1.814626163175353968e+00
1.787069569586222206e+00
1.760328616733233931e+00
1.734367713033377445e+00
1.709153305715624294e+00
1.684653736979407901e+00
1.660839112157953101e+00
1.637681178734049281e+00
1.615153223432873153e+00
1.593229933209497906e+00
1.571887361966304963e+00
1.551102798245887149e+00
1.530854708031433642e+00
1.511122630416240842e+00
1.491887144758724304e+00
1.473129788534685236e+00
1.454833002163556488e+00
1.436980074338006563e+00
1.419555091889805887e+00
1.402542892488878978e+00
1.385929020698914105e+00
1.369699688137954841e+00
1.353841732925607166e+00
1.338342588139779243e+00
1.323190246293894923e+00
1.308373229114133673e+00
1.293880558720611029e+00
1.279701730670901982e+00
1.265826688726924054e+00
1.252245801217993781e+00
1.238949838883515397e+00
1.225929954088385898e+00
1.213177661312935918e+00
1.200684818827168598e+00
1.188443611466295513e+00
1.176446534431138558e+00
1.164686378042970372e+00
1.153156213387853235e+00
1.141849378790521063e+00
1.130759467062435020e+00
1.119880313472817468e+00
1.109205984395305267e+00
1.098730766586377472e+00
1.088449157979920034e+00
1.078355854256643154e+00
1.068445745773318745e+00
1.058713904893427538e+00
1.049155578909280573e+00
1.039766182351399282e+00
1.030541289698365670e+00
1.021476628461401637e+00
1.012568072615380732e+00
1.003811636560298037e+00
9.952034681290331530e-01
9.867398464602885610e-01
9.784171706593041140e-01
9.702319603917092250e-01
9.621808482978386756e-01
9.542605768058314286e-01
9.464679910292248532e-01
9.388000380017776925e-01
9.312537607942823481e-01
9.238262951547577817e-01
9.165148659080096794e-01
9.093167835215147932e-01
9.022294408287074852e-01
8.952503099012912857e-01
8.883769390627035412e-01
8.816069500353408417e-01
8.749380352145851303e-01
8.683679550630890587e-01
8.618945369394258593e-01
8.555156681010109843e-01
8.492292966889182226e-01
8.430334362171613138e-01
8.369261502096130290e-01
8.309055588154972138e-01
8.249698349043549372e-01
8.191172022284434195e-01
8.133459336612087753e-01
8.076543733663444913e-01
8.020408467042764444e-01
7.965037825363084911e-01
7.910416342697661474e-01
7.856528966732844177e-01
7.803361045022628728e-01
7.750898311782639105e-01
7.699126875201154352e-01
7.648033205236122178e-01
7.597604121883034800e-01
7.547826992920518840e-01
7.498688938678959026e-01
7.450177932117245660e-01
7.402282087025706669e-01
7.354989815289970645e-01
7.308289817611448580e-01
7.262171074572065788e-01
7.216622838028518006e-01
7.171634622821909666e-01
7.127196198789353954e-01
7.083297583064882552e-01
7.039929034485716830e-01
6.997081039583397111e-01
6.954744315372931585e-01
6.912909796576957033e-01
6.871568630655944254e-01
6.830712171609167882e-01
6.790331973991010628e-01
6.750419787134042116e-01
6.710967549570540092e-01
6.671967383644534788e-01
6.633411590306865779e-01
6.595292644086020450e-01
6.557603188227859592e-01
6.520336029997492178e-01
6.483484136136615783e-01
6.447040628375857452e-01
6.410998779515254542e-01
6.375352008925249114e-01
6.340093878729881061e-01
6.305218089982067564e-01
6.270718478918028138e-01
6.236589013353135424e-01
6.202823789192388748e-01
6.169417027051311564e-01
6.136363068983203828e-01
6.103656375308856852e-01
6.071291517521650860e-01
6.039263191883820214e-01
6.007566190763008462e-01
5.976195417883454208e-01
5.945145880740472233e-01
5.914412686089012272e-01
5.883991044499317091e-01
5.853876257979302444e-01
