2.629982623638194572e-01
9.133908819483416153e-02
-7.863783749942583612e-02
-2.474692855465791264e-01
-4.155037034834156984e-01
-5.829742465360918668e-01
-7.500408899651823669e-01
-9.168157046718335978e-01
-1.083378572523078454e+00
-1.249787258581329441e+00
-1.416084042706847512e+00
-1.582300179494360082e+00
-1.748458964051849529e+00
-1.914577873310663314e+00
-2.080670084077162141e+00
-2.246745565419731694e+00
-2.412811873556247821e+00
-2.578874736543742774e+00
-2.744938488689381284e+00
-2.911006395936912572e+00
-3.077080901700539162e+00
-3.243163813817309116e+00
-3.409256447648213673e+00
-3.575359736229202667e+00
-3.741474315184414756e+00
-3.907600590619443981e+00
-4.073738787661986827e+00
-4.239888993889407764e+00
-4.406051189892111530e+00
-4.572225274433867170e+00
-4.738411084227152514e+00
-4.904608409534094271e+00
-5.070817006494086066e+00
-5.237036606873438416e+00
-5.403266925726207148e+00
-5.569507667472709755e+00
-5.735758530660780785e+00
-5.902019211692683953e+00
-6.068289407819505321e+00
-6.234568818940756429e+00
-6.400857150129173334e+00
-6.567154112233989594e+00
-6.733459422965169416e+00
-6.899772807904965610e+00
-7.066094000439743894e+00
-7.232422742520743242e+00
-7.398758784595917071e+00
-7.565101885704906159e+00
-7.731451813445883836e+00
-7.897808343877611215e+00
-8.064171261371885890e+00
-8.230540358428680037e+00
-8.396915435659781934e+00
-8.563296300884159606e+00
-8.729682769758627003e+00
-8.896074665006764803e+00
-9.062471816275703418e+00
-9.228874059876220670e+00
-9.395281238524274769e+00
-9.561693201085914140e+00
-9.728109802327050915e+00
-9.894530902669274042e+00
-1.006095636795245873e+01
-1.022738606920483839e+01
-1.039381988242088539e+01
-1.056025768834725476e+01
-1.072669937227693282e+01
-1.089314482385161753e+01
-1.105959393687224690e+01
-1.122604660911767027e+01
-1.139250274217129011e+01
-1.155896224125557659e+01
-1.172542501529052572e+01
-1.189189097547639307e+01
-1.205836003786712318e+01
-1.222483212078017978e+01
-1.239130714528116428e+01
-1.255778503491193554e+01
-1.272426571657294048e+01
-1.289074911946330992e+01
-1.305723517522929633e+01
-1.322372381786395934e+01
-1.339021498360921392e+01
-1.355670861086102974e+01
-1.372320464008005914e+01
-1.388970301370738269e+01
-1.405620367608287147e+01
-1.422270657336804867e+01
-1.438921165347241349e+01
-1.455571886598317377e+01
-1.472222816209825247e+01
-1.488873949456238144e+01
-1.505525281760612621e+01
-1.522176808688769611e+01
-1.538828525943741177e+01
-1.555480429360470218e+01
-1.572132514900745193e+01
-1.588784778648367713e+01
-1.605437216804529754e+01
-1.622089825683404385e+01
-1.638742601707921054e+01
-1.655395541405736282e+01
-1.672048641405372393e+01
-1.688701898442028337e+01
-1.705355309319654467e+01
-1.722008870954096338e+01
-1.738662580342013086e+01
-1.755316434564001327e+01
-1.771970430781630057e+01
-1.788624566234594937e+01
-1.805278838237999750e+01
-1.821933244179742317e+01
-1.838587781518014808e+01
-1.855242447778902104e+01
-1.871897240554078934e+01
-1.888552157498603634e+01
-1.905207196328793984e+01
-1.921862354820193985e+01
-1.938517630805620584e+01
-1.955173022173283570e+01
-1.971828526864984354e+01
-1.988484142874380112e+01
-2.005139868245322887e+01
-2.021795701070250928e+01
-2.038451639488655331e+01
-2.055107681685593235e+01
-2.071763825890263888e+01
-2.088420070374638726e+01
-2.105076413452137629e+01
-2.121732853476359182e+01
-2.138389388839857119e+01
-2.155046017972956562e+01
-2.171702739342623545e+01
-2.188359551451365803e+01
-2.205016452836176910e+01
-2.221673442067519488e+01
-2.238330517748346082e+01
-2.254987678513146676e+01
-2.271644923027039198e+01
-2.288302249984889158e+01
-2.304959658110453802e+01
-2.321617146155566047e+01
-2.338274712899338326e+01
-2.354932357147397326e+01
-2.371590077731145030e+01
-2.388247873507041774e+01
-2.404905743355917025e+01
-2.421563686182301822e+01
-2.438221700913781120e+01
-2.454879786500371353e+01
-2.471537941913917180e+01
-2.488196166147504229e+01
-2.504854458212633617e+01
-2.521512817147636909e+01
-2.538171242003847894e+01
-2.554829731853854113e+01
-2.571488285788837658e+01
-2.588146902918091996e+01
-2.604805582368560124e+01
-2.621464323284379461e+01
-2.638123124826394417e+01
-2.654781986171964192e+01
-2.671440906514182956e+01
-2.688099885061743066e+01
-2.704758921038477482e+01
-2.721418013682988502e+01
-2.738077162248286811e+01
-2.754736366001390380e+01
-2.771395624223146825e+01
-2.788054936207686296e+01
-2.804714301262238862e+01
-2.821373718706747979e+01
-2.838033187873634233e+01
-2.854692708107459254e+01
-2.871352278764648602e+01
-2.888011899213215372e+01
-2.904671568832489470e+01
-2.921331287012856848e+01
-2.937991053155502996e+01
-2.954650866672168164e+01
-2.971310726984904704e+01
-2.987970633525843667e+01
-3.004630585736967774e+01
-3.021290583069890445e+01
-3.037950624985639436e+01
-3.054610710954451136e+01
-3.071270840455560247e+01
-3.087931012977010425e+01
-3.104591228015456039e+01
-3.121251485075972454e+01
-3.137911783671883015e+01
-3.154572123324569688e+01
-3.171232503563308214e+01
-3.187892923925095090e+01
-3.204553383954488055e+01
-3.221213883203439821e+01
-3.237874421231150279e+01
-3.254534997603906987e+01
-3.271195611894942346e+01
-3.287856263684287228e+01
-3.304516952558633847e+01
-3.321177678111192222e+01
-3.337838439941565838e+01
-3.354499237655614508e+01
-3.371160070865330738e+01
-3.387820939188711833e+01
-3.404481842249649048e+01
-3.421142779677797563e+01
-3.437803751108471317e+01
-3.454464756182525775e+01
-3.471125794546249921e+01
-3.487786865851261098e+01
-3.504447969754399850e+01
-3.521109105917626181e+01
-3.537770274007926474e+01
-3.554431473697209753e+01
-3.571092704662215311e+01
-3.587753966584424603e+01
-3.604415259149963191e+01
-3.621076582049523296e+01
-3.637737934978265741e+01
-3.654399317635746769e+01
-3.671060729725826377e+01
-3.687722170956597978e+01
-3.704383641040299580e+01
-3.721045139693246995e+01
-3.737706666635754260e+01
-3.754368221592057608e+01
-3.771029804290249388e+01
-3.787691414462206296e+01
-3.804353051843518330e+01
-3.821014716173426251e+01
-3.837676407194753381e+01
