-2.665103400987635496e+01
-2.476184098500736752e+01
-2.314427279741948240e+01
-2.174101686988674942e+01
-2.051012869249327153e+01
-1.942015198381644936e+01
-1.844699880849412921e+01
-1.757188810896101216e+01
-1.677994429714891211e+01
-1.605922058439924527e+01
-1.540000368290718136e+01
-1.479430894888296422e+01
-1.423550756769265924e+01
-1.371804695609930924e+01
-1.323723817793526791e+01
-1.278909216805745430e+01
-1.237019201493359866e+01
-1.197759306942672985e+01
-1.160874251555327241e+01
-1.126141568423985539e+01
-1.093366420928497007e+01
-1.062377387914335358e+01
-1.033022992918436067e+01
-1.005168854328183592e+01
-9.786953033864600471e+00
-9.534953964262129489e+00
-9.294732434455180936e+00
-9.065425950480822337e+00
-8.846256439978516184e+00
-8.636520021242290568e+00
-8.435578262006554695e+00
-8.242850580263473503e+00
-8.057807805452666727e+00
-7.879966487323693869e+00
-7.708884000117986801e+00
-7.544154258829258275e+00
-7.385403968849130862e+00
-7.232289332435080098e+00
-7.084493147923505596e+00
-6.941722247834472448e+00
-6.803705230323035202e+00
-6.670190442446470414e+00
-6.540944202261657736e+00
-6.415749172100639441e+00
-6.294402953976511839e+00
-6.176716803298691438e+00
-6.062514474254664165e+00
-5.951631188827724905e+00
-5.843912702438140094e+00
-5.739214463921840093e+00
-5.637400853586194138e+00
-5.538344493244782285e+00
-5.441925629874282855e+00
-5.348031509121763172e+00
-5.256555971463605204e+00
-5.167398865566269706e+00
-5.080465671624996737e+00
-4.995667095217308784e+00
-4.912918705298732647e+00
-4.832140602160416520e+00
-4.753257112499664316e+00
-4.676196509037758631e+00
-4.600890752394657390e+00
-4.527275253170155445e+00
-4.455288591684640309e+00
-4.384872570320711205e+00
-4.315971627827734913e+00
-4.248532947218101263e+00
-4.182506177719111484e+00
-4.117843369984234947e+00
-4.054498784476759710e+00
-3.992428764083061576e+00
-3.931591620468780857e+00
-3.871947504139610086e+00
-3.813458377189508752e+00
-3.756087794901469934e+00
-3.699800900982513685e+00
-3.644564329602984376e+00
-3.590346086580066931e+00
-3.537115536424490614e+00
-3.484843290805154314e+00
-3.433501154545281597e+00
-3.383062064620002030e+00
-3.333500032903064625e+00
-3.284790092391647320e+00
-3.236908246662669963e+00
-3.189831422334509003e+00
-3.143537424326090512e+00
-3.098004893721705955e+00
-3.053213268064881802e+00
-3.009142743918315155e+00
-2.965774241539249623e+00
-2.923089371531134795e+00
-2.881070403342796293e+00
-2.839700235495909553e+00
-2.798962367430326559e+00
-2.758840872864837923e+00
-2.719320374578344968e+00
-2.680386020523170654e+00
-2.642023464086341811e+00
-2.604218830491936032e+00
-2.566958715418504067e+00
-2.530230152588998749e+00
-2.494020598767420438e+00
-2.458317916324043839e+00
-2.423110356662045994e+00
-2.388386544452097748e+00
-2.354135462614320051e+00
-2.320346438530056066e+00
-2.287009127709475731e+00
-2.254113509636401336e+00
-2.221649860373853258e+00
-2.189608755004734508e+00
-2.157981049512335492e+00
-2.126757873421375677e+00
-2.095930613274095577e+00
-2.065490910772959321e+00
-2.035430649009463355e+00
-2.005741944548199207e+00
-1.976417138932748729e+00
-1.947448790563778509e+00
-1.918829666930259137e+00
-1.890552737175856590e+00
-1.862611164983594803e+00
-1.834998301762878370e+00
-1.807707680123840532e+00
-1.780733007624899278e+00
-1.754068163278297288e+00
-1.727707183025511739e+00
-1.701644260651404394e+00
-1.675873754631483692e+00
-1.650390158435681709e+00
-1.625188111718660844e+00
-1.600262391933337636e+00
-1.575607909840962995e+00
-1.551219705197642629e+00
-1.527092982952944711e+00
-1.503222959048357232e+00
-1.479605067537776097e+00
-1.456234824629393021e+00
-1.433107856364769228e+00
-1.410219895207328378e+00
-1.387566776758179632e+00
-1.365144436594079025e+00
-1.342948907221085619e+00
-1.320976315140053092e+00
-1.299222909597999465e+00
-1.277684940939326497e+00
-1.256358826825688224e+00
-1.235241042746938467e+00
-1.214328145072542720e+00
-1.193616768698137598e+00
-1.173103624774781695e+00
-1.152785498517511664e+00
-1.132659247089959242e+00
-1.112721797561933679e+00
-1.092970144937056576e+00
-1.073401350494070261e+00
-1.054012539019282713e+00
-1.034800898342422393e+00
-1.015763676785794045e+00
-9.968981817004839430e-01
-9.782017778594920276e-01
-9.596718859037262073e-01
-9.413059808388218874e-01
-9.231015905808337418e-01
-9.050562945489519784e-01
-8.871677223034518667e-01
-8.694335522271826600e-01
-8.518515102489682134e-01
-8.344193686073217986e-01
-8.171349446529734273e-01
-7.999960996778457956e-01
-7.830007378291806708e-01
-7.661468049749506903e-01
-7.494322876667884881e-01
-7.328552121190794466e-01
-7.164136432140985056e-01
-7.001056835397763134e-01
-6.839294724563946826e-01
-6.678831851912363504e-01
-6.519650319601908439e-01
-6.361732571153707605e-01
-6.205061378997844823e-01
-6.049619853699577110e-01
-5.895391409262779048e-01
-5.742359774435646935e-01
-5.590508980246925441e-01
-5.439823351004723362e-01
-5.290287504418746956e-01
-5.141886334996503827e-01
