2.088679779933639402e+00
2.077208593794302782e+00
2.065827535723141928e+00
2.054535758481224494e+00
2.043332425794228246e+00
2.032216709727982185e+00
2.021187790604906720e+00
2.010244856717411377e+00
1.999387107101435523e+00
1.988613744783683357e+00
1.977923977509723708e+00
1.967317027129569462e+00
1.956792132414629126e+00
1.946348510908955554e+00
1.935985422126393463e+00
1.925702111500779301e+00
1.915497837661098046e+00
1.905371866704573591e+00
1.895323472103664475e+00
1.885351935115525901e+00
1.875456542731225751e+00
1.865636590651857940e+00
1.855891381135574170e+00
1.846220223390254045e+00
1.836622433807430621e+00
1.827097335423122582e+00
1.817644258232272270e+00
1.808262538919487961e+00
1.798951520882623223e+00
1.789710554213941096e+00
1.780538995347056508e+00
1.771436207432419918e+00
1.762401559973599374e+00
1.753434428839710124e+00
1.744534196202029541e+00
1.735700250471081896e+00
1.726931986234218508e+00
1.718228804193664194e+00
1.709590111105062871e+00
1.701015319716504326e+00
1.692503848708034386e+00
1.684055122631663348e+00
1.675668571851855582e+00
1.667343632486511629e+00
1.659079746348440354e+00
1.650876360887323813e+00
1.642732929132168174e+00
1.634648909634247804e+00
1.626623766410539851e+00
1.618656968887644876e+00
1.610747991846198879e+00
1.602896315365774482e+00
1.595101424770264398e+00
1.587362810573755167e+00
1.579679968426884962e+00
1.572052399063681660e+00
1.564479608248892539e+00
1.556961106725777588e+00
1.549496410164401539e+00
1.542085039110386191e+00
1.534726518934152795e+00
1.527420379780624060e+00
