-6.641373402853750108e+00
-6.589899697135046530e+00
-6.538285043195933177e+00
-6.486527684954729978e+00
-6.434625827124746955e+00
-6.382577633944686468e+00
-6.330381227854828374e+00
-6.278034688116165718e+00
-6.225536049369606140e+00
-6.172883300131478457e+00
-6.120074381222567972e+00
-6.067107184126283137e+00
-6.013979549272448821e+00
-5.960689264242422070e+00
-5.907234061890959786e+00
-5.853611618379898296e+00
-5.799819551118738481e+00
-5.745855416606664434e+00
-5.691716708169510142e+00
-5.637400853586194138e+00
-5.582905212597192524e+00
-5.528227074287609177e+00
-5.473363654337655149e+00
-5.418312092131680302e+00
-5.363069447716348748e+00
-5.307632698597919862e+00
-5.251998742744231841e+00
-5.196164371419693673e+00
-5.140126292493582660e+00
-5.083881118523398079e+00
-5.027425376396480239e+00
-4.970755455492408714e+00
-4.913867653538098068e+00
-4.856758149350469012e+00
-4.799423001111844833e+00
-4.741858140823087986e+00
-4.684059368414830615e+00
-4.626022345490949483e+00
-4.567742588677122129e+00
-4.509215462544243991e+00
-4.450436172072958385e+00
-4.391399754622182350e+00
-4.332101071360705546e+00
-4.272534798116807586e+00
-4.212695415596119375e+00
-4.152577198912704937e+00
-4.092174206372513723e+00
-4.031480267441734711e+00
-3.970488969825282766e+00
-3.909193645572316189e+00
-3.847587361417785790e+00
-3.785662879232415623e+00
-3.723412677770895129e+00
-3.660828904448666155e+00
-3.597903363302167534e+00
-3.534627492899930612e+00
-3.470992342341769010e+00
-3.406988545138253777e+00
-3.342606290734724261e+00
-3.277835297866268593e+00
-3.212664757899155621e+00
-3.147083345192392301e+00
-3.081079116548859353e+00
-3.014639476049035594e+00
-2.947751322721349876e+00
-2.880400521295711336e+00
-2.812572344518186274e+00
-2.744251145751841925e+00
-2.675420336085106321e+00
-2.606062299553969730e+00
-2.536158298083432072e+00
-2.465688363348524703e+00
-2.394631177677576161e+00
-2.322963935846589667e+00
-2.250662188692018173e+00
-2.177699664344189934e+00
-2.104048062306271838e+00
-2.029676813770725285e+00
-1.954552837565405321e+00
-1.878640144676148260e+00
-1.801899543063258280e+00
-1.724288150551563703e+00
-1.645758874259657834e+00
-1.566259776753657240e+00
-1.485733309974313077e+00
-1.404115381603833868e+00
-1.321334205563027719e+00
-1.237308874361925604e+00
-1.151947560620485422e+00
-1.065145227812651418e+00
-9.767806706513889603e-01
-8.867126294285315735e-01
-7.947746171706940865e-01
-7.007678524960319066e-01
-6.044514224807994163e-01
-5.055282793665970553e-01
-4.036245793443754004e-01
-2.982582874424208885e-01
-1.887893605784498885e-01
-7.433667709649798006e-02
