2.447548774615567524e+00
2.423931254945335123e+00
2.400316826795722669e+00
2.376705530009623590e+00
2.353097405347492010e+00
2.329492494517625190e+00
2.305890840207888814e+00
2.282292486118774999e+00
2.258697476997657105e+00
2.235105858675097146e+00
2.211517678102106199e+00
2.187932983389648367e+00
2.164351823849691048e+00
2.140774250038058657e+00
2.117200313799370459e+00
2.093630068314180637e+00
2.070063568148252653e+00
2.046500869303965242e+00
2.022942029274732434e+00
1.999387107101435523e+00
1.975836163432258097e+00
1.952289260585100550e+00
1.928746462613202262e+00
1.905207835374615133e+00
1.881673446604818833e+00
1.858143365992402263e+00
1.834617659245084242e+00
1.811096411080831858e+00
1.787579696940233553e+00
1.764067594107235459e+00
1.740560171848254845e+00
1.717057523693149346e+00
1.693559733435617831e+00
1.670066889653629261e+00
1.646579083783244579e+00
1.623096410242429899e+00
1.599618966565214517e+00
1.576146853545985493e+00
1.552680175393295947e+00
1.529219039893116472e+00
1.505763558581872941e+00
1.482313846929828038e+00
1.458870024535479759e+00
1.435432215331754247e+00
1.412000547804892481e+00
1.388575155227012026e+00
1.365156175903411429e+00
1.341743753435727271e+00
1.318338037002110275e+00
1.294939181655659910e+00
1.271547348429951318e+00
1.248162705752465795e+00
1.224785427713055430e+00
1.201415696327086557e+00
1.178053701282323784e+00
1.154699640377666370e+00
1.131353719994107943e+00
1.108016155598820829e+00
1.084687172283477663e+00
1.061367005989721335e+00
1.038055900797603348e+00
1.014754116708853848e+00
9.914619204997380253e-01
9.681795840759086502e-01
9.449074453593385714e-01
9.216457706742672285e-01
8.983949012753315033e-01
8.751551794956075048e-01
8.519269649270758693e-01
8.287106354277536946e-01
8.055065881995517874e-01
7.823152402601091238e-01
7.591370305181868172e-01
7.359724203549844468e-01
7.128218945717834654e-01
6.896859622414004409e-01
6.665651569709063473e-01
6.434600351396216888e-01
6.203712013401857517e-01
5.972992479129679566e-01
5.742448194075172596e-01
5.512085769054088091e-01
5.281912017084934297e-01
5.051933906220393844e-01
4.822158485076761814e-01
4.592592773747641299e-01
4.363243601308086639e-01
4.134117393734484946e-01
3.905219843045568684e-01
3.676555457972062180e-01
3.448126908202095442e-01
3.219934072185968166e-01
2.991972799458319510e-01
2.764232948048368499e-01
2.536695455220537299e-01
2.309328497040847861e-01
2.082081051885437406e-01
1.854873615119681241e-01
1.627583602629305293e-01
1.400022335536280915e-01
