-1.339038132712432194e+01
-1.339035751689337772e+01
-1.339033371983449427e+01
-1.339030994030667721e+01
-1.339028617698529722e+01
-1.339026242977184822e+01
-1.339023869864983141e+01
-1.339021498360921392e+01
-1.339019128464060593e+01
-1.339016760173312903e+01
-1.339014393487466847e+01
-1.339012028405242738e+01
-1.339009664925321452e+01
-1.339007303046354025e+01
-1.339004942766956852e+01
-1.339002584085699432e+01
-1.339000227001085186e+01
-1.338997871511528359e+01
-1.338995517615326492e+01
-1.338993165310648159e+01
-1.338990814595539369e+01
-1.338988465468003319e+01
-1.338986117926171637e+01
-1.338983771968631942e+01
-1.338981427599573948e+01
-1.338979084809909992e+01
-1.338976743619469900e+01
-1.338974404001580965e+01
-1.338972065929183941e+01
-1.338969729514108131e+01
-1.338967394637776565e+01
-1.338965061337999352e+01
-1.338962729610656233e+01
-1.338960399459343620e+01
-1.338958070887202467e+01
-1.338955743880760885e+01
-1.338953418444346433e+01
-1.338951094576677114e+01
-1.338948772276476618e+01
-1.338946451542490834e+01
-1.338944132360771633e+01
-1.338941814753788506e+01
-1.338939498708893971e+01
-1.338937184224768728e+01
-1.338934871300096674e+01
-1.338932559933563127e+01
-1.338930250123856602e+01
-1.338927941869667215e+01
-1.338925635169687389e+01
-1.338923330022611147e+01
-1.338921026427133931e+01
-1.338918724381953673e+01
-1.338916423885768481e+01
-1.338914124937279304e+01
-1.338911827535187626e+01
-1.338909531678196352e+01
-1.338907237365009806e+01
-1.338904944594333557e+01
-1.338902653364874951e+01
-1.338900363675341509e+01
-1.338898075524442710e+01
-1.338895788910889273e+01
-1.338893503833392806e+01
-1.338891220290666162e+01
-1.338888938281423435e+01
-1.338886657804379610e+01
-1.338884378858251800e+01
-1.338882101441756944e+01
-1.338879825553614289e+01
-1.338877551192543436e+01
-1.338875278357265586e+01
-1.338873007046502828e+01
-1.338870737258979027e+01
-1.338868468993418404e+01
-1.338866202248546777e+01
-1.338863937023090855e+01
-1.338861673315778766e+01
-1.338859411125339705e+01
-1.338857150450503930e+01
-1.338854891290003124e+01
-1.338852633642569323e+01
-1.338850377506937050e+01
-1.338848122881840652e+01
-1.338845869766016428e+01
-1.338843618158201387e+01
-1.338841368057134140e+01
-1.338839119461554183e+01
-1.338836872370201725e+01
-1.338834626781818926e+01
-1.338832382695148127e+01
-1.338830140111248213e+01
-1.338827899024814982e+01
-1.338825659435720006e+01
-1.338823421343320774e+01
-1.338821184746366200e+01
-1.338818949643605904e+01
-1.338816716033790932e+01
-1.338814483915672859e+01
-1.338812253288004861e+01
-1.338810024149541178e+01
-1.338807796499037295e+01
-1.338805570335249584e+01
-1.338803345656935662e+01
-1.338801122462854032e+01
-1.338798900751765153e+01
-1.338796680522429305e+01
-1.338794461773608901e+01
-1.338792244504067064e+01
-1.338790028712568514e+01
-1.338787814397878151e+01
-1.338785601558763005e+01
-1.338783390193990819e+01
-1.338781180302330220e+01
-1.338778971882550906e+01
-1.338776764933424701e+01
-1.338774559453723079e+01
-1.338772355442219641e+01
-1.338770152897688881e+01
-1.338767951818906177e+01
-1.338765752204648152e+01
-1.338763554053692850e+01
-1.338761357364818849e+01
-1.338759162136806324e+01
-1.338756968368435807e+01
-1.338754776058490492e+01
-1.338752585205752688e+01
-1.338750395809007543e+01
-1.338748207867040207e+01
-1.338746021378637252e+01
-1.338743836342586668e+01
-1.338741652757676981e+01
-1.338739470622698313e+01
-1.338737289936441499e+01
-1.338735110697698971e+01
-1.338732932905263873e+01
-1.338730756557930412e+01
-1.338728581654493865e+01
-1.338726408193751105e+01
-1.338724236174499360e+01
-1.338722065595537636e+01
-1.338719896455665648e+01
-1.338717728753684177e+01
-1.338715562488395427e+01
-1.338713397658602311e+01
-1.338711234263108985e+01
-1.338709072300720671e+01
