1.874869115847128231e+00
1.899782958616595963e+00
1.924691880115091847e+00
1.949595754335583520e+00
1.974494279642556860e+00
1.999387107101435523e+00
2.024273766246398765e+00
2.049153786504494423e+00
2.074026731101077825e+00
2.098892169789301043e+00
2.123749804886688075e+00
2.148599295436873557e+00
2.173440388806500589e+00
2.198272924673970063e+00
2.223096858490025696e+00
2.247912013527709529e+00
2.272718394687667232e+00
2.297516008404881571e+00
2.322304893875025478e+00
2.347085118369711232e+00
2.371856772944174629e+00
2.396619968574635440e+00
2.421374832860210713e+00
2.446121506465872120e+00
2.470860141275315947e+00
2.495590897528241037e+00
2.520313941948703285e+00
2.545029445994038575e+00
2.569737584381836193e+00
2.594438533822773785e+00
2.619132471737296797e+00
2.643819575183095960e+00
2.668500023449087877e+00
2.693173989274592728e+00
2.717841647035407870e+00
2.742503167791497276e+00
2.767158719849595716e+00
2.791808468470084570e+00
2.816452575638412448e+00
2.841091199899173247e+00
2.865724496210619421e+00
2.890352615854378193e+00
2.914975706372770148e+00
2.939593911533286974e+00
2.964207371316156081e+00
2.988816221836503750e+00
3.013420595408033531e+00
3.038020622114506519e+00
3.062616424518526781e+00
3.087208125895008148e+00
3.111795843639402204e+00
3.136379692160456312e+00
3.160959782432579690e+00
3.185536222244088833e+00
3.210109115922747502e+00
3.234678564664724476e+00
3.259244666814371971e+00
3.283807517515525909e+00
3.308367209059907221e+00
3.332923830915042185e+00
3.357477469807768955e+00
3.382028209806767105e+00
3.406576132403829948e+00
3.431121316593843673e+00
3.455663838957609091e+00
3.480203773437924752e+00
3.504741192563999519e+00
3.529276165845162350e+00
3.553808760931483679e+00
3.578339043420168064e+00
3.602867076916416611e+00
3.627392923093833321e+00
3.651916641766583815e+00
3.676438290853221158e+00
3.700957923801003080e+00
3.725475604329245627e+00
3.749991376120993980e+00
3.774505293694215613e+00
3.799017406940686126e+00
3.823527764292875553e+00
3.848036412773864434e+00
3.872543398028013062e+00
3.897048764358151285e+00
3.921552554774577981e+00
3.946054811044398480e+00
3.970555573735208732e+00
3.995054884298432807e+00
4.019552777263111665e+00
4.044049291568140525e+00
4.068544463358112040e+00
4.093038327758968364e+00
4.117530918886102675e+00
4.142022269974638071e+00
4.166512413263571801e+00
4.191001380121702979e+00
4.215489201052341706e+00
4.239975905720795524e+00
4.264461522980865560e+00
4.288946080900425173e+00
4.313429606759658697e+00
4.337912127168436882e+00
4.362393667826278687e+00
4.386874254359727665e+00
4.411353910753669894e+00
4.435832661030726598e+00
4.460310528402451347e+00
4.484787535468614195e+00
4.509263704236874837e+00
4.533739056141139478e+00
4.558213612056011499e+00
4.582687392318283592e+00
4.607160416739687570e+00
4.631632704623450003e+00
4.656104274779406360e+00
4.680575145538590220e+00
4.705045334767339327e+00
4.729514859880927347e+00
4.753983737856744440e+00
4.778451985247035516e+00
4.802919618192922790e+00
