12.6762719691869
11.5218016896604
10.5598657697684
9.74601736499644
9.04851173693441
8.44407148625097
7.91524003717018
7.4486693143381
7.03397827470193
6.66297195735241
6.32909485279865
6.02704047803213
5.75246744547776
5.5017896184327
5.27201872747485
5.06064477507893
4.8655440371769
4.68490751564741
4.51718472293183
4.36103910220698
4.21531236240144
4.07899571796261
3.95120652804221
3.83116917233553
3.71819931033242
3.61169084113848
3.51110503174204
3.41596141087091
3.32583010162757
3.24032533255845
3.1590999245975
3.0818405810559
3.00826385442546
2.93811267456296
2.87115335023305
2.80717297303683
2.74597714539468
2.6873880332049
2.63124262307278
2.5773912121712
2.52569608064387
2.4760303128056
2.42827676080747
2.38232712150505
2.33808111716557
2.29544576634856
2.25433473155512
2.21466773663802
2.17637004402389
2.13937198522955
2.10360853826147
2.06901894664902
2.03554637534913
2.00313759942576
1.97174272192156
1.94131491777843
1.9118102010437
1.88318721292884
1.85540702856371
1.82843298061722
1.80223049789694
1.77676695747631
1.75201155080421
1.72793515644638
1.70451022896865
1.68171069240031
1.6595118438074
1.63789026410518
1.61682373573273
1.59629116658153
1.57627251963098
1.55674874779736
1.5377017335513
1.51911423290134
1.50096982337982
1.48325285570126
1.46594840879439
1.44904224793614
1.43252078578216
1.41637104583174
1.40058062864865
1.38513768013907
1.37003086185629
1.35524932318316
1.3407826754773
1.32662096773278
1.31275466377053
1.29917462084676
1.28587206957237
1.27283859504984
1.2600661191423
1.24754688379614
1.2352734353449
1.22323860972787
1.21143551856155
1.19985753600742
1.18849828638307
1.17735163246843
1.1664116644617
1.15567268954346
1.14512922201013
1.134775973941
1.12460784636527
1.11461992089833
1.10480745181831
1.09516585855621
1.08569071857451
1.07637776061114
1.06722285826707
1.0582220239173
1.04937140302074
1.04066726804108
1.03210601471075
1.02368415502303
1.01539831405543
1.00724522484736
0.999221724222604
0.991324748445987
0.983551330345741
0.975898593641126
0.968363751558791
0.960944101957895
0.953637024822611
0.946439978930363
0.939350498955937
0.932366192659041
0.925484738195846
0.918703881548183
0.91202143406438
0.905435270106114
0.898943325039435
0.892543592289707
0.886234122259502
0.880013019813204
0.873878442480763
0.867828598645652
0.861861745803039
0.855976188888672
0.850170278847336
0.844442410466742
0.838791021769141
0.833214592053604
0.827711640659814
0.822280725659005
0.816920442595935
0.811629423279551
0.806406334620203
0.801249877511295
0.796158785753427
0.791131825019145
0.786167791856871
0.781265512744272
0.776423843086178
0.77164166655692
0.766917893782705
0.762251462146016
0.757641334436093
0.753086498549741
0.748585965766824
0.744138771723356
0.739743974499798
0.735400653724565
0.731107911088873
0.726864868528929
0.722670668550422
0.718524473125817
0.714425463268933
0.710372838555389
0.706365816455267
0.702403632203252
0.698485537909419
0.694610801977253
0.690778708931387
0.686988559735421
0.683239669468194
0.679531368330578
0.675863001427314
0.672233927448434
0.668643518830404
0.66509116130391
0.661576253532886
0.658098206830825
0.654656444681854
0.651250402629018
0.647879527704951
0.644543278573759
0.641241124823367
0.637972546565936
0.634737034689475
0.631534090353789
0.628363224580605
