2.11490929672221
2.1136493406767
2.11239046624962
2.11113267231707
2.10987595790468
2.10862032181105
2.10736576291709
2.10611228010499
2.1048598722582
2.10360853826147
2.10235827700083
2.10110908736364
2.09986096823891
2.09861391854742
2.09736793708181
2.09612302282322
2.09487917468747
2.0936363912574
2.09239467211219
2.09115401553676
2.0899144205593
2.08867588627406
2.08743841146972
2.08620199497609
2.0849666356314
2.08373233258782
2.08249908458115
2.08126689054041
2.08003574938386
2.07880566002102
2.07757662136315
2.07634862787343
2.07512169181702
2.07389579876138
2.07267095252501
2.07144715121318
2.07022439410798
2.06900268012918
2.06778200819772
2.06656237723571
2.06534378616636
2.06412623406288
2.06290971954216
2.06169424168957
2.06047979943329
2.05926639170275
2.05805401742859
2.05684267554273
2.05563236497826
2.05442308466952
2.05321483355204
2.05200761056258
2.05080141463906
2.0495962447206
2.04839209974753
2.0471889786613
2.04598688044827
2.04478580397101
2.04358574821107
2.04238671211465
2.04118869462914
2.03999169470314
2.03879571128641
2.03760074332994
2.0364067897859
2.03521384960764
2.03402192174971
2.03283100516784
2.03164109881895
2.03045220166116
2.02926431265374
2.02807743075717
2.02689155493311
2.02570668414438
2.024522817355
2.02333995353015
2.02215809163621
2.02097723063641
2.01979736992376
2.01861850716043
2.01744064267774
2.01626377497531
2.01508790302655
2.01391302580602
2.01273914228947
2.01156625145381
2.0103943522771
2.00922344373858
2.00805352481863
2.00688459428365
2.0057166517618
2.00454969559148
2.00338372497284
2.00221873889206
2.00105473633644
1.99989171629443
1.99872967775564
1.99756861971081
1.99640854115184
1.99524944107176
1.99409131846474
1.99293417232609
1.99177800165226
1.99062280544084
1.98946858269054
1.98831533240122
1.98716305357387
1.98601174521061
1.98486140631467
1.98371203589045
1.98256363294345
1.98141619648029
1.98026972550876
1.97912421903773
1.97797967607723
1.9768360956384
1.97569347673352
1.97455181837601
1.9734111195804
1.97227137936236
1.9711325967387
1.96999477072736
1.9688579003474
1.96772197492187
1.96658702256356
1.96545301320346
1.96431995556228
1.96318784816773
1.96205669108143
1.96092648281632
1.95979722239724
1.95866890884717
1.95754154118386
1.95641511805417
1.9552896394856
1.9541651035617
1.95304150964523
1.95191885702232
1.95079714439472
1.94967637037925
1.94855653466679
1.94743763658928
1.94631967438057
1.94520264770901
1.94408655533342
1.94297139630144
1.94185716967401
1.94074387450526
