9.28836215119898e-10
9.98551723030616e-10
1.09320863707619e-09
1.22383505273139e-09
1.40667620853202e-09
1.66598910580713e-09
2.03824523574601e-09
2.57830464690807e-09
3.36673231297226e-09
4.51231198528193e-09
6.12235521559538e-09
8.13951543687449e-09
5.09387263452129e-10
3.5934429345708e-10
4.01521499695082e-11
1.50332012535193e-10
1.28664324992455e-09
9.10263962314565e-10
2.8945068536506e-09
7.75579339612057e-11
4.52797706429022e-11
2.29999298036714e-10
3.53802658934833e-09
5.63702489226532e-10
6.82615398142292e-10
7.79941568784828e-10
8.55523525879306e-10
9.08273970103833e-10
9.37110252070463e-10
9.41601284342158e-10
9.2250681897722e-10
8.82555077849417e-10
8.27176980978518e-10
7.64603446217236e-10
7.04408824920105e-10
6.53909975209459e-10
6.14838885617976e-10
5.84128897887964e-10
4.47663355074199e-09
7.67286111242263e-10
1.95477907131788e-09
7.6524389736287e-09
5.25114928881873e-11
4.56626187221385e-09
5.98238363713019e-09
1.04554008787443e-10
4.48780027626378e-09
5.0875597114945e-10
1.00133228721208e-10
6.92825400722571e-09
4.81054400767724e-11
3.66663861794071e-09
3.34383574269356e-10
9.56146753184219e-11
1.21636454403632e-09
3.59441932852822e-09
2.91084794075195e-09
4.61184576093879e-09
3.91153827715251e-12
1.08827244718702e-10
1.00549548918971e-10
1.02481139151168e-08
3.10282685080162e-09
7.00764613333524e-09
1.21705738821188e-08
1.81898940422348e-11
