1.98746841203429
2.01067854883566
2.03389760159732
2.05712529906
2.08036231533574
2.10360853826147
2.12686449129859
2.15013058166416
2.17340722032546
2.19669478500464
2.21999361527476
2.24330399761419
2.26662616819986
2.28996030962735
2.31330655750114
2.33666498833327
2.3600356494288
2.38341854308524
2.40681363777787
2.43022087216164
2.45364015700634
2.47707138232864
2.50051441805413
2.52396911574361
2.5474353250821
2.57091286601692
2.59440156306833
2.61790123007365
2.64141167565407
2.66493269404767
2.6884641196199
2.71200572099694
2.73555730911964
2.75911868519777
2.78268964779109
2.80627000368328
2.82985955527938
2.85345811041244
2.87706548419174
2.90068147862091
2.92430591570712
2.94793861503197
2.97157939971681
2.99522809653211
3.01888453593297
3.04254855227657
3.0662199835091
3.08989867151815
3.11358446193691
3.13727720458312
3.16097675140028
3.18468296011464
3.20839569172596
3.23211480951128
3.25584018109425
3.27957167771269
3.30330917373613
3.32705254688568
3.3508016781218
3.37455645155878
3.39831675038392
3.42208247619711
3.44585351191909
3.46962975569809
3.49341110690484
3.51719746683755
3.54098873965677
3.56478483190094
3.58858565230537
3.61239111326592
3.63620112766008
3.66001561128215
3.68383448386373
3.7076576642327
3.73148507545748
3.7553166419128
3.77915228998718
3.80299194795748
3.82683554593173
3.85068301575794
3.87453429101258
3.89838930723398
3.92224800102103
3.94611031095305
3.96997617704931
3.99384554077483
4.01771834501003
4.04159453435391
4.06547405371696
4.08935685091912
4.11324287255124
4.13713207198469
4.16102439601879
4.18491979771608
4.20881823042651
4.23271964792579
4.25662400534618
4.28053125845857
4.30444136564127
4.3283542840845
4.35226997301216
4.37618839264621
4.40010950934832
4.42403326835626
4.447959648814
4.47188860887817
4.49582011192327
4.51975412264845
4.54369061210842
4.56762954020511
4.59157087667931
4.61551458933199
4.63946064674098
4.66340901859514
4.68735967433623
4.71131258495529
4.73526772068209
4.7592250542535
4.78318455749168
4.80714620336835
