7.41765983943485e-10
9.96712087108132e-11
1.11360216325023e-10
1.86629345173339e-10
2.61168864123474e-10
4.59203264651675e-10
5.30944013878168e-11
1.28143634051651e-09
9.2250681897722e-10
8.79028464752684e-10
3.65084370383911e-10
3.8226190992653e-09
2.44603064218189e-11
1.25089294945551e-09
3.67369375117899e-09
2.51915784551848e-10
9.47503926002448e-09
2.67271129919583e-10
7.55940989286027e-11
1.32269119556732e-10
1.95925642691071e-10
2.33281414819074e-10
2.42333396563553e-10
2.26700902327306e-10
1.92812952020116e-10
1.48208889932728e-10
1.00425156769766e-10
5.65682553975023e-11
2.35437814013719e-11
1.00069818715623e-09
8.87722422342989e-09
1.177202424697e-11
1.40190873247305e-11
5.04987517724466e-12
3.59619432876517e-11
7.44919292094725e-11
1.17203362975078e-10
1.61391860958566e-10
2.04781707381581e-10
2.45669061431327e-10
2.82897309746492e-10
3.15817099834136e-10
3.44298630462201e-10
5.83795397769805e-11
3.09342730699553e-10
3.71042977444447e-10
6.19731735172278e-09
7.08394127427031e-11
9.59864553747886e-11
1.08832669211225e-10
1.07782470230493e-10
2.09870667013946e-09
4.3018948647663e-09
3.5754697721306e-09
2.28535014202626e-10
6.4545896920996e-09
6.2433190191128e-09
1.68011882858606e-09
1.04805791929712e-09
6.48992568204507e-10
3.47428305045251e-10
9.7222325831782e-10
