0.711743543331197
0.703469415083765
0.670056813982483
0.629374879819005
0.588246020338715
0.549294217596383
0.513420703182006
0.480795261189964
0.451280593127659
0.42462150197643
0.400530539259759
0.378726137309347
0.35894849897795
0.340964853900711
0.324569853873064
0.309583771588767
0.295849865758821
0.283231612986227
0.271610043269764
0.260881338124466
0.250954718233729
0.241750617549272
0.233199123696732
0.225238624159329
0.217814683766794
0.21087909452923
0.204388956020535
0.198306115255066
0.192596475626759
0.187229499575415
0.182177780131582
0.177416653034916
0.172923873621027
0.16867933360807
0.164664816583646
0.160863789569578
0.157261213068799
0.153843381481374
0.150597780556216
0.147512965931914
0.14457845089327
0.141784611562678
0.139122601598772
0.136584275789216
0.134162125463108
0.131849216422339
0.129639137236769
0.127525951583101
0.125504155863999
0.123568641218919
0.121714659411572
0.119937792142974
0.118233923396708
0.116599214483844
0.115030082968995
0.113523175628747
0.112075363082169
0.110683709634083
0.109345466975661
0.108058047187993
0.106819034427183
0.105626148477339
0.104477246750505
0.103370312070975
0.102303443804641
0.101274849721732
0.100282838523806
0.0993258129731425
0.0984022635691245
0.0975107627219272
0.0966499593788734
0.0958185740632947
0.095015394289751
0.0942392703230009
0.0934891112512751
0.0927638812136046
0.0920625964903597
0.0913843229049813
0.0907281677337467
0.090093287672005
0.0894788758464174
0.0888841791707653
0.0883084373268238
0.0877509665757077
0.0872111012353901
0.0866882058981551
0.0861816737662703
0.0856909250949391
0.085215404736394
0.0847545848288467
0.084307957383225
0.083875037809183
0.0834553600303989
0.0830484798137359
0.0826539706902884
0.0822714238180753
0.0819004470975238
0.0815406649240214
0.0811917150816935
0.0808532516794926
0.0805249418904971
0.0802064659147702
0.0798975150884631
0.0795977969441388
0.0793070232278958
0.0790249235131002
0.0787512328564699
0.0784856991841312
0.0782280777859238
0.0779781347650722
0.0777356408948516
0.0775003803996311
0.0772721429847024
0.077050725314138
0.076835929806599
0.0766275697347094
0.0764254619039112
0.0762294311024038
0.0760393065965339
0.0758549237550748
0.0756761221971934
0.0755027535267642
0.0753346674086831
0.0751717196165334
0.0750137757383229
0.0748606945980115
0.0747123502027709
0.0745686170245306
0.0744293726847123
0.0742945008825742
0.0741638870076271
0.0740374205350789
0.0739149948506427
0.0737965061113116
0.0736818540869064
0.0735709414101933
0.0734636736980084
0.0733599594366116
0.0732597098554704
0.0731628386336089
0.0730692621562401
0.0729788997135936
0.0728916725040917
0.0728075035784496
0.0727263191135364
0.0726480468867863
0.0725726164488448
0.0724999605745012
0.0724300127133379
0.0723627086240617
0.0722979860911312
0.0722357837740543
0.0721760430827075
0.0721187065875921
0.0720637182238069
0.0720110241544302
0.0719605707793031
0.0719123075725712
0.0718661836921621
0.0718221506942053
0.0717801611137799
0.0717401688593781
0.0717021288639584
0.0716669797688107
0.0716327296169475
0.0716003021669335
0.0715686327340529
0.0715397195144914
0.0715125114009626
0.0714869726255211
0.0714630655789071
0.0714407544639518
0.0714200061279225
0.0714007847746912
0.0713830579705508
0.0713667934933126
0.0713519598178379
0.0713385270970192
0.0713264644740768
0.0713157428664219
0.0713063336961455
0.0712982108230611
0.0712913452980308
0.0712857114137869
0.0712812828016259
0.0712780344663825
0.0712759417048586
0.0712749803502025
0.0712751245228586
0.0712763557391289
0.0712786502383891
0.0712819845802363
0.0712863380274728
0.0712916928821006
0.0712980208242113
0.0713053065767521
0.0713135306915707
0.0713226749116642
0.0713327192022192
0.0713436454590739
0.0713554358248891
0.0713680728177817
0.0713815397180928
0.0713958185155283
0.0714108941190919
0.0714267505473766
0.0714433713355617
0.0714607410530585
0.0714788464704677
0.0714976708797729
0.0715172007423544
0.0715374219937129
0.0715583210839129
0.0715798840775806
0.0716020982022569
0.0716249500635675
0.0716484273663896
0.0716725177217545
0.0716972089088729
0.0717224893507251
0.0717483472682233
0.0717747705309937
0.0718017490727412
0.0718292715321166
0.071857326991285
0.0718859055490081
0.0719149968612983
0.0719445899009619
0.0719746753138746
0.0720052442390909
0.0720362862365778
0.0720677923482556
0.0720997533936607
