-2.60791009875943
-2.33036083128617
-2.07758898088765
-1.8499850618536
-1.64595233010737
-1.46317668359926
-1.29921852191753
-1.15177176369973
-1.01876228808893
-0.898370897134428
-0.789022402319879
-0.689361423580831
-0.598224455416713
-0.51461273659286
-0.437667688983251
-0.366649529510588
-0.300919003223361
-0.239921958581272
-0.183176397286903
-0.130261642694399
-0.0808092683114461
-0.0344955127130683
0.00896508684179954
0.0498250421214523
0.0883084373268238
0.124614680384324
0.158921815472976
0.191389216510061
0.222159944155814
0.251362750364495
0.279113800806215
0.30551815762946
0.330671061920009
0.354659042282817
0.377560880902148
0.399448452880536
0.420387463149541
0.440438087852115
0.459655541531601
0.478090575010159
0.495789914290883
0.512796650271835
0.529151855993051
0.544888532033876
0.560044602390225
0.574650436667933
0.588735426481883
0.602326913011049
0.615450359793923
0.628129511297934
0.640386535204094
0.652242150838429
0.663715745291912
0.674825478578692
0.685588379016575
0.696020429870566
0.706136648175972
0.715951156549845
0.725477260090636
0.734727461563372
0.743713581854639
0.752446767161251
0.760937545509095
0.76919586897743
0.777231152514051
0.78505230965754
0.792667785449873
0.800085586712793
0.807313310374385
0.814358168961811
0.821227014128782
0.82792636194672
0.834462408409914
0.840841051475121
0.847067909032669
0.853148336013828
0.859087435476376
0.864890079873611
0.87056091724565
0.876104388661181
0.881524735771213
0.886826016566238
0.892012111544862
0.897086734394968
0.90205344098413
0.906915637173226
0.911676587579049
0.916339421917404
0.920907142285436
0.925383264124675
0.929769311396434
0.934068547445062
0.938282807789568
0.942415951468667
0.946469647942533
0.95044616610492
0.954347689367997
0.958176319391864
0.961934080232982
0.965622921564135
0.96924472223624
0.972801293425733
0.976294381749113
0.979725671709714
0.983096788956902
0.986409302806218
0.989664728048181
0.99286452804684
0.996010116425768
0.999102859662468
1.0021440773949
1.00513504781724
1.0080770054441
1.01097114537189
1.01381862413456
1.01662056093328
1.01937803993901
1.02209211091727
1.02476379090491
