0.0219889748741468
0.029276076890135
0.0365847380074349
0.0439144452243151
0.0512647075005257
0.0586350518431298
0.0660250239733173
0.0734341871206413
0.0808621356819574
0.0883084373268238
0.0957727167746504
0.103254599530421
0.110753724933267
0.118269745415065
0.125802326482591
0.133351145029569
0.140915889922293
0.148496260619981
0.156091968766646
0.163702733454933
0.171328285189773
0.178968363747789
0.186622717192136
0.194291102216575
0.201973283675691
0.209669034760367
0.217378135529545
0.225100373394998
0.232835542851379
0.240583444952252
0.248343887131219
0.256116681423403
0.26390165187281
0.27169861901444
0.279507416074969
0.28732787683515
0.295159843046274
0.303003160408038
0.310857679292177
0.318723254569703
0.326599745445705
0.334487016051177
0.342384932251637
0.350293366118115
0.358212192679037
0.366141290571958
0.374080541916382
0.38202983219192
0.389989050121502
0.39795808755937
0.405936839383669
0.413925203393405
0.421923080209565
0.429930373180208
0.437946988289324
0.445972834069018
0.454007821551966
0.462051864075323
0.47010487732921
0.478166779232159
0.486237489862727
0.494316931390504
0.502405028009792
0.510501705875736
0.518606893042915
0.526720519406198
0.534842516643772
0.542972818162323
0.55111135904419
0.559258075996458
0.567412907301907
0.575577019644066
0.583747931455669
0.591926781582815
0.600112194258745
0.608306723503479
0.616509027354065
0.624719053998662
0.632936752328506
0.641162073516004
0.649394968815624
0.657635391175662
0.665883294537224
0.674138633916644
0.68240136537559
0.69067144599215
0.698948833832892
0.707233487925834
0.715525368234307
0.723824436512523
0.732130651876835
0.74044397959061
0.748764382232765
0.757091824079861
0.76542627020376
0.773767686450841
0.782116039421841
0.790471296452353
0.798833425593907
0.80720239559566
0.815578175886637
0.823960736558512
0.83235004834893
0.840746082625327
0.849148811369234
0.85755820716106
0.865974243165329
0.874396893116357
0.88282613130434
0.891261932561889
0.899704272250905
0.908153126249887
0.916608470941583
0.925070283200994
0.933538540383742
0.94201322031475
0.950494301277252
0.958981762002105
0.96747558165741
0.975975739838403
0.984482216557639
0.992994992235435
1.00151404769057
1.01003936759204
1.01857092314624
1.02710871786654
1.03565270854275
1.04420288874283
1.05275924164216
1.06132175046198
1.06989039887214
1.07846517087766
1.08704605082302
1.09563302360473
1.10422607427838
1.11282518717614
1.12143034868912
1.13004154395761
1.13865875986825
1.14728198405064
1.15591120134778
1.1645463976539
1.17318756143827
1.1818346816654
1.19048774408192
1.19914673690241
1.20781164841551
1.21648246706126
