-17.428431245121
-17.2548503977528
-17.081249575186
-16.9076285125413
-16.733986938655
-16.5603245759919
-16.3866411400735
-16.2129363397058
-16.0392098764541
-15.8654614444589
-15.6916907301706
-15.5178974121543
-15.3440811604795
-15.1702416368751
-14.9963784940139
-14.8224913756846
-14.6485799157796
-14.4746437383689
-14.3006824572055
-14.1266956753203
-13.9526829845967
-13.7786439653238
-13.6045781857255
-13.4304852167012
-13.2563645692913
-13.0822157888803
-12.9080383900806
-12.733831872867
-12.559595721712
-12.3853294049365
-12.2110323740064
-12.0367040627693
-11.8623438866518
-11.6879512418105
-11.5135255042323
-11.3390660287818
-11.1645721481909
-10.9900431719871
-10.8154783853558
-10.6408770479319
-10.4662383925155
-10.2915616237055
-10.1168459164461
-9.94208890574086
-9.76729422869937
-9.59245643536108
-9.41757607427261
-9.24265214608498
-9.06768361336085
-8.89266939194452
-8.71760835483945
-8.54249932642417
-8.36734108028614
-8.19213233621751
-8.01687175699561
-7.84155794493162
-7.66618943816963
-7.49076470671678
-7.31528214818483
-7.13974008321296
-6.96413675060876
-6.78847030201712
-6.61273879636095
-6.43694019378336
-6.26107234919782
-6.08513300544397
-5.90911978588337
-5.73303019878739
-5.55686157865386
-5.38061115638193
-5.20427599532776
-5.02785299632427
-4.85133888796992
-4.67473021704493
-4.49802333903077
-4.3212144090777
-4.14429937424141
-3.96727396721776
-3.79013370300445
-3.61287387934445
-3.43548958356159
-3.25797570779064
-3.08032697682389
-2.90253799359227
-2.72460330982492
-2.54651753252063
-2.36827548108756
-2.18987242690222
-2.0113043822991
-1.83256865491938
-1.65366449149997
-1.47459410391204
-1.29536414101154
-1.11598784304597
-0.936488212473632
-0.756902710830271
-0.577290252502361
-0.397741651141747
-0.218395191474106
-0.0394595330625036
