-6.90941655684672
-6.85650585880498
-6.80344473224855
-6.75023125168348
-6.69686344734482
-6.64333930458779
-6.58965676015862
-6.53581370346307
-6.48180797314785
-6.42763735579008
-6.37329958407591
-6.31879233542111
-6.26411322795088
-6.2092598213202
-6.15422961201022
-6.09902003428987
-6.04362845355152
-5.98805216663719
-5.93228839849178
-5.8763342993891
-5.82018694201718
-5.76384331841359
-5.70730033674137
-5.65055482286957
-5.59360349629684
-5.53644299863887
-5.47906986584887
-5.42148053232161
-5.36367132496103
-5.30563845873256
-5.24737803179236
-5.18888602022523
-5.13015827249773
-5.07119050357911
-5.01197828870506
-4.95251705675745
-4.89280208323052
-4.83282848275114
-4.77259120111823
-4.7120850068225
-4.65130448200427
-4.59024401280313
-4.52889777904816
-4.4672592097301
-4.40532363880042
-4.34308295706996
-4.28053093447702
-4.21766053096212
-4.15446444594986
-4.0909350389299
-4.02706437367653
-3.96284416738275
-3.89826577572104
-3.83332016986948
-3.76799791160982
-3.70228912629781
-3.63618347347775
-3.56967011488415
-3.50273767954067
-3.43537422555
-3.36756719870913
-3.29930338606914
-3.23056886624779
-3.16134895380922
-3.09162813812579
-3.02139001624449
-2.9506172172387
-2.87929132471073
-2.80739276351412
-2.73490072863302
-2.66179304622229
-2.588046050943
-2.51363443838712
-2.43853110078302
-2.36270693974332
-2.28613065169695
-2.20876848694716
-2.13058396954044
-2.05153757902669
-1.97158637634907
-1.89068357788982
-1.80877805176937
-1.72581373232775
-1.64172892580335
-1.55645548816844
-1.46991784640558
-1.38203181969849
-1.2927031985076
-1.20182598117889
-1.1092802694147
-1.01492957995131
-0.918617492269896
-0.82016339494839
-0.719356964988386
-0.615950917485688
-0.509651246019988
-0.400103725258907
-0.286874532084807
-0.169420982639967
-0.0470442210977262
