-14.1297734613204
-14.1294305338799
-14.1290878447311
-14.128745393668
-14.1284031804597
-14.1280612049162
-14.1277194668338
-14.1273779660091
-14.127036702239
-14.1266956753203
-14.1263548850502
-14.1260143312261
-14.1256740136453
-14.1253339321087
-14.1249940864057
-14.1246544763445
-14.1243151017197
-14.1239759623693
-14.1236370579645
-14.123298388437
-14.1229599535514
-14.1226217530728
-14.1222837868193
-14.1219460546053
-14.121608556242
-14.1212712914831
-14.1209342601571
-14.1205974620675
-14.1202608970092
-14.119924564783
-14.1195884651897
-14.1192525991198
-14.1189169631051
-14.1185815602158
-14.1182463890859
-14.117911449655
-14.1175767416639
-14.1172422649147
-14.1169080192097
-14.1165740043512
-14.116240220142
-14.1159066663528
-14.1155733428529
-14.1152402494116
-14.1149073858323
-14.1145747519185
-14.1142423474739
-14.1139101723024
-14.113578226208
-14.113246508995
-14.1129150204679
-14.1125837604311
-14.1122527286896
-14.1119219250482
-14.1115913493121
-14.1112610012866
-14.1109308807735
-14.1106009875846
-14.1102713215237
-14.1099418823967
-14.1096126700101
-14.1092836841702
-14.1089549246835
-14.108626391357
-14.1082980839974
-14.1079700024121
-14.1076421464082
-14.1073145157932
-14.1069871103749
-14.106659929961
-14.1063329743596
-14.1060062433788
-14.1056797368271
-14.1053534545129
-14.1050273962451
-14.1047015618323
-14.1043759510839
-14.1040505638051
-14.1037253996424
-14.103400458926
-14.1030757409287
-14.1027512456435
-14.1024269728807
-14.1021029224506
-14.1017790941635
-14.1014554878302
-14.1011321032614
-14.1008089402681
-14.1004859986616
-14.100163278228
-14.099840778854
-14.0995185002762
-14.0991964423314
-14.0988746048318
-14.0985529875894
-14.0982315904166
-14.0979104131261
-14.0975894555305
-14.0972687174428
-14.0969481986759
-14.0966278990431
-14.0963078183579
-14.0959879564338
-14.0956683130845
-14.0953488881241
-14.0950296813666
-14.0947106926262
-14.0943919217175
-14.094073368455
-14.0937550326535
-14.093436914128
-14.0931190126936
-14.0928013281656
-14.0924838603595
-14.092166609091
-14.0918495741757
-14.0915327554298
-14.0912161526693
-14.0908997657105
-14.09058359437
-14.0902676384644
-14.0899518978104
-14.0896363722251
-14.0893210639849
-14.0890059655291
-14.0886910840532
-14.0883764169154
-14.0880619640473
-14.0877477250307
-14.0874336998005
-14.0871198881756
-14.0868062899753
-14.0864929050207
-14.0861797332186
-14.085866774152
-14.0855540278805
-14.0852414941397
-14.084929172686
-14.0846170634055
-14.0843051662281
-14.0839934808178
-14.0836820069419
-14.0833707445974
-14.0830596934483
-14.0827488533933
-14.082438224252
-14.0821278058411
-14.0818175979797
