-13.814496814959
-13.8274773810386
-13.8396324315513
-13.8510771344958
-13.8619031461664
-13.8721847201747
-13.8819829332114
-13.8913486882001
-13.9003248988539
-13.9089481114225
-13.9172497302214
-13.9252569585815
-13.9329935314569
-13.9404802932951
-13.947735658762
-13.9547759843194
-13.9616158703969
-13.9682684094885
-13.9747453913162
-13.9810574739182
-13.9872143271523
-13.99322475378
-13.9990967926103
-14.0048378061747
-14.0104545562405
-14.0159532689871
-14.0213396913216
-14.0266191399332
-14.0317965441893
-14.0368764836956
-14.0418632213986
-14.0467607327756
-14.0515727316609
-14.0563026933123
-14.0609538748417
-14.06552933355
-14.0700319432122
-14.0744644090534
-14.0788292806898
-14.083128964401
-14.0873657336146
-14.091541739061
-14.0956590174233
-14.0997194995469
-14.1037250178084
-14.1076773128228
-14.111578039658
-14.1154287734597
-14.1192310146397
-14.1229861936393
-14.1266956753203
-14.1303607630083
-14.1339827022242
-14.1375626841332
-14.141101848738
-14.1446012878368
-14.1480620477681
-14.1514851319601
-14.1548715033052
-14.1582220863475
-14.1615377693773
-14.1648194064964
-14.1680678185163
-14.1712837964476
-14.1744681012534
-14.1776214662192
-14.1807445981509
-14.1838381786643
-14.1869028653969
-14.189939293147
-14.1929480749444
-14.1959298030582
-14.1988850499469
-14.2018143691534
-14.204718296149
-14.2075973491315
-14.2104520297771
-14.213282823953
-14.2160902025048
-14.2188746214341
-14.2216365231191
-14.2243763366754
-14.2270944783994
-14.2297913521923
-14.2324673502376
-14.2351228534222
-14.2377582317642
-14.2403738448309
-14.2429700421382
-14.2455471635317
-14.2481055395483
-14.2506454917617
-14.2531673331116
-14.2556713682176
-14.2581578936784
-14.2606271983583
-14.2630795636602
-14.2655152637866
-14.2679345659893
-14.270337730808
-14.2727250122989
-14.2750966582532
-14.2774529104062
-14.2797940046385
-14.2821201711676
-14.2844316347326
-14.2867286147707
-14.2890113255868
-14.2912799765165
-14.2935347720817
-14.2957759122162
-14.2980035919496
-14.300218002723
-14.3024193309173
-14.3046077592085
-14.3067834661895
-14.3089466266074
-14.3110974112578
-14.3132359878511
-14.3153625196938
-14.3174771673643
-14.3195800877084
-14.3216714344748
-14.3237513582151
-14.3258200064084
-14.3278775235457
-14.3299240512123
-14.3319597281662
-14.3339846904141
-14.3359990712853
-14.338003001683
-14.3399966095663
-14.3419800207481
-14.343953358559
-14.3459167439844
-14.3478702957277
-14.3498141302697
-14.3517483619248
-14.3536731030228
-14.355588463498
-14.3574945515832
-14.3593914734603
-14.3612793334021
-14.3631582338188
-14.365028275303
-14.3668895566739
-14.3687421750197
-14.3705862257385
-14.3724218025786
-14.3742489976771
-14.3760679015977
-14.3778786033771
-14.3796811905015
-14.3814757491023
-14.3832623637054
-14.3850411176157
-14.3868120926538
-14.3885753694279
-14.3903310268868
-14.3920791431176
-14.3938197949425
-14.3955530575496
-14.3972790054039
-14.3989977114021
-14.4007092475709
-14.4024136847038
-14.4041110924864
-14.4058015395597
-14.4074850934387
-14.4091618207949
-14.4108317872022
-14.4124950570681
-14.414151693865
-14.4158017606431
-14.4174453187578
-14.4190824290039
-14.4207131513943
-14.4223375449209
-14.4239556677462
-14.4255675771951
-14.4271733297651
-14.4287729811757
-14.4303665862913
-14.4319541992631
-14.4335358733803
-14.4351116613756
-14.4366816151567
-14.4382457857415
-14.4398042236268
-14.4413569786394
-14.4429040998377
