0.0802064659147702
0.0805249418904971
0.0808532516794926
0.0811917150816935
0.0815406649240214
0.0819004470975238
0.0822714238180757
0.0826539706902884
0.0830484798137359
0.0834553600303992
0.0838750378091828
0.0843079573832249
0.0847545848288474
0.0852154047363943
0.085690925094939
0.0861816737662707
0.0866882058981546
0.087211101235391
0.0877509665757077
0.0883084373268238
0.0888841791707653
0.0894788758464174
0.090093287672005
0.0907281677337467
0.0913843229049813
0.0920625964903597
0.0927638812136046
0.0934891112512751
0.0942392703230009
0.095015394289751
0.0958185740632947
0.0966499593788736
0.0975107627219273
0.0984022635691246
0.0993258129731425
0.100282838523806
0.101274849721732
0.102303443804641
0.103370312070975
0.104477246750505
0.10562614847734
0.106819034427183
0.108058047187993
0.109345466975661
0.110683709634083
0.112075363082169
0.113523175628747
0.115030082968995
0.116599214483844
0.118233923396708
0.119937792142974
0.121714659411571
0.123568641218919
0.125504155863999
0.127525951583101
0.129639137236769
0.131849216422339
0.134162125463108
0.136584275789216
0.139122601598772
0.141784611562678
0.14457845089327
0.147512965931914
0.150597780556216
0.153843381481374
0.157261213068798
0.160863789569579
0.164664816583646
0.16867933360807
0.172923873621027
0.177416653034916
0.182177780131582
0.187229499575415
0.192596475626759
0.198306115255066
0.204388956020535
0.21087909452923
0.217814683766794
0.22523862415933
0.233199123696732
0.241750617549271
0.25095471823373
0.260881338124466
0.271610043269764
0.283231612986226
0.295849865758821
0.309583771588767
0.324569853873064
0.340964853900711
0.35894849897795
0.378726137309347
0.40053053925976
0.424621501976429
0.451280593127659
0.480795261189964
0.513420703182008
0.549294217596383
0.588246020338715
0.629374879819005
0.670056813982501
