-0.851080914487312
-1.44790927963781
-2.0535775086088
-2.668140639145
-3.29165410735631
-3.92417375255792
-4.5657558224001
-5.21645697804689
-5.8763342993891
-6.54544529038693
-7.22384788373666
-7.91160044798457
-8.60876178898066
-9.31539116109306
-10.0315482673862
-10.7572932658516
-11.492686782304
-12.2377898963741
-12.9926641773146
-13.7573716620127
-14.531974874208
-15.3165368274687
-16.1111210310213
-16.9157914955848
-17.7306127392679
-18.555649793522
-19.3909682091505
-20.236634062377
-21.0927139609724
-21.9592750494788
-22.8363850197912
-23.7241121102946
-24.6225251169454
-25.5316933998476
-26.4516868882529
-27.3825760876422
-28.3244320863819
-29.2773265624525
-30.2413317902511
-31.2165206474704
-32.2029666220541
-33.2007438192309
-34.2099269686291
-35.2305914314198
-36.2628132078485
-37.3066689441336
-38.3622359403566
-39.4295921576211
-40.5088162262799
-41.5999874529386
-42.7031858286925
-43.8184920312876
-44.9459874600725
-46.0857541565364
-47.2378750446573
-48.4024335275051
-49.57951394555
-50.7692013078766
-51.9715813381347
-53.18674057274
-54.4147662972139
-55.6557465773152
