-2.37086274515651
-2.49150860636122
-2.61100632176914
-2.72942808913363
-2.84683918196382
-2.96329886138357
-3.07886113780135
-3.19357541034989
-3.30748701037753
-3.42063766335679
-3.53306588567748
-3.64480732613061
-3.75589506142731
-3.86635985474365
-3.97623037443095
-4.08553340409192
-4.19429400288664
-4.30253566582129
-4.41028046112897
-4.51754914735776
-4.62436128418944
-4.73073532872832
-4.83668872246202
-4.94223796952766
-5.04739870732924
-5.15218577040564
-5.25661324832579
-5.36069453828392
-5.46444239297938
-5.56786896421272
-5.67098584313315
-5.77380409627202
-5.8763342993891
-5.97858656819965
-6.08057058672357
-6.18229563341438
-6.28377060536747
-6.3850040398089
-6.48600413614007
-6.58677877416472
-6.6873355318854
-6.78768170257844
-6.88782430716898
-6.98777011477191
-7.08752564987938
-7.18709720783538
-7.28649086542248
-7.38571249219046
-7.48476776116659
-7.58366215721039
