2.10360853825935
2.10360853814132
2.10360853838827
2.10360853810049
2.1036085382195
2.10360853828688
2.10360853828642
2.10360853847511
2.10360853831643
2.10360853829325
2.10360853836193
2.10360853807712
2.10360853828246
2.10360853825154
2.10360853817344
2.10360853818667
2.10360853826869
2.10360853825122
2.10360853857141
2.10360853837692
2.10360853831397
2.10360853825506
2.10360853825678
2.10360853825882
2.10360853826147
2.10360853826528
2.10360853836827
2.10360853829354
2.10360853828427
2.10360853828913
2.10360853829686
2.10360853807139
2.10360853799763
2.1036085379192
2.10360853812571
2.1036085380238
2.1036085382239
2.10360853827599
2.10360853823745
2.10360853825214
2.10360853826622
2.10360853827613
2.10360853828165
2.10360853828409
2.10360853826368
2.10360853830149
2.10360853828652
2.10360853826682
2.10360853824369
2.10360853821843
2.10360853819231
2.10360853816654
2.1036085381422
2.10360853812025
2.10360853810149
2.1036085380866
2.10360853807607
2.10360853807026
2.10360853806936
2.10360853807342
2.10360853808233
2.10360853809584
2.10360853811355
2.10360853813486
2.10360853815904
2.10360853818513
2.10360853821202
2.10360853828506
2.10360853828502
2.10360853829296
2.10360853853873
2.10360853840921
2.10360853828444
2.10360853827842
2.10360853833597
2.10360853827267
2.10360853837959
2.10360853829657
2.10360853828501
2.10360853842045
2.10360853834989
2.10360853830351
2.10360853827638
2.10360853826126
2.10360853828501
2.10360853824874
2.10360853824645
2.1036085382499
2.10360853826044
2.10360853826752
2.1036085380174
2.10360853826792
2.103608538285
2.10360853830251
2.10360853828907
2.10360853827187
2.10360853821659
2.10360853825597
2.10360853824376
2.10360853824431
2.1036085382543
2.10360853826534
2.10360853821644
2.10360853825716
2.10360853827589
2.10360853823192
2.10360853829012
2.10360853831523
2.10360853832446
2.10360853828914
2.10360853843518
2.10360853842415
2.10360853837981
2.10360853828391
2.10360853818669
2.10360853826301
2.10360853828351
2.10360853828468
2.10360853823483
