2.57161422987304
2.5469816352042
2.52234912799209
2.49771670702975
2.47308437119121
2.44845211869326
2.42381994925724
2.39918786109498
2.3745558528078
2.34992392290663
2.32529206981146
2.30066029127131
2.2760285866106
2.25139695348162
2.2267653906264
2.20213389446754
2.17750246354406
2.15287109552896
2.12823978796566
2.10360853826147
2.07897734368061
2.0543462013369
2.02971510818609
2.00508406317301
1.98045305869467
1.95582209275699
1.93119116235588
1.90656026326166
1.88192939127559
1.8572985420112
1.83266771082748
1.8080368928346
1.78340608288097
1.75877527553984
1.7341444650951
1.70951364552647
1.68488281049401
1.66025195332192
1.63562106698167
1.61099014407442
1.58635917681278
1.56172815700196
1.53709707602026
1.51246571221935
1.48783469377441
1.46320337301929
1.4385719518872
1.41394042091855
1.38930876383447
1.364676973112
1.34004503441899
1.31541293438007
1.29078065899507
1.26614819362839
1.2415155230018
1.21688263119201
1.19224950163468
1.16761611713713
1.14298245990205
1.11834851155453
1.0937142532472
1.06907966564402
1.04444472911034
1.01980942381697
0.995173729907022
0.97053762783503
0.945901098469261
0.921264125347681
0.896626688070605
0.871988774088665
0.847350371396841
0.822711472093374
0.798072073171972
0.773432178490105
0.748791800928834
0.72415096397288
0.69950970625685
0.674868084753164
0.65022618151267
0.625584107927777
0.600942015964264
0.576300107591693
0.551658651687373
0.527018001072768
0.502378617871999
0.477741107509711
0.453106262354932
0.428475122120987
0.40384904605413
0.379229833369469
0.354619867995993
0.33002231488843
0.305441424743379
0.280882934984417
0.256354663526355
0.231867357725894
0.207435945405263
0.18308138818764
0.158833428475086
0.134734709336146
