-4.61028761872158
-1.79214958847165
-0.852461887881334
-0.38235552106116
-0.100068255418378
0.0883084373268232
0.223012721686994
0.32415904582187
0.402919985672387
0.465998530804226
0.517660505439335
0.560750488999001
0.597238665949905
0.62853318391745
0.655667534857035
0.679417558434473
0.700377198802265
0.719008966810865
0.735678467458024
0.750678572072133
0.7642466893027
0.776577323330746
0.787831366687879
0.798143067848397
0.807625339699091
0.816373829766555
0.824470107855318
0.831984161074659
0.838976376193821
0.845499129492382
0.851598075356118
0.857313177817685
0.862679577887316
0.867728293097657
0.872486800873044
0.876979532366516
0.881228276338883
0.885252527181089
0.889069777797603
0.892695766326374
0.896144691542178
0.899429394065931
0.902561513956728
0.905551626728915
0.908409361206205
0.911143502883289
0.913762082249539
0.916272454669313
0.918681368620091
0.920995026465213
0.923219138839632
0.925358969857353
0.927419383785231
0.929404876264793
0.931319612330333
0.933167455130363
0.934951991875525
0.936676558203548
0.938344259626353
0.939957990849941
0.941520452953545
0.943034170338286
0.944501502808182
0.945924660219808
0.947305713259044
0.948646606328618
0.949949162496925
0.951215097148187
0.952446023203065
0.953643461068194
0.954808841307239
0.955943514669715
0.957048755288521
0.95812576821642
0.95917569198893
0.960199603902565
0.961198524130541
0.962173419367442
0.96312520627679
0.964054754452677
0.964962890038224
0.965850398326646
0.966718024549817
0.967566478895886
0.968396437122464
0.969208542849283
0.970003409469199
0.970781622187728
0.971543738703607
0.972290292528356
0.973021792373642
0.973738724639894
0.974441554643796
0.975130727220216
0.975806668645606
0.976469786584025
0.977120471802486
0.977759098809986
0.978386027378581
0.979001601709192
0.9796061525208
0.980199997711417
0.980783442647156
0.981356779748083
0.981920291753606
0.982474249696018
0.98301891488344
0.983554537100073
0.984081360015802
0.98459961565609
0.985109528966709
0.985611315882239
0.986105185923633
0.986591339524281
0.987069971756853
0.987541270118788
0.988005415489624
0.988462583201332
0.988912942204825
0.989356655957005
