-13.9747453913167
-13.9777609008684
-13.9808424529557
-13.9839926699864
-13.9872143268626
-13.990510363689
-13.9938838963214
-13.9973382329291
-14.0008768885926
-14.0045036026973
-14.0082223580544
-14.0120374018341
-14.0159532689377
-14.0199748085498
-14.0241072121386
-14.0283560466031
-14.0327272900466
-14.0372273724889
-14.0418632214464
-14.0466423132714
-14.0515727316569
-14.0566632331624
-14.0619233230455
-14.0673633396446
-14.0729945537564
-14.078829280708
-14.0848810105685
-14.0911645587612
-14.0976962412712
-14.1044940793101
-14.1115780396789
-14.1189703180155
-14.1266956753203
-14.1347818387812
-14.1432599833114
-14.1521653131263
-14.1615377693699
-14.1714228976882
-14.1818729206
-14.1929480749446
-14.2047182961492
-14.2172653618492
-14.2306856520295
-14.2450937488011
-14.2606271983514
-14.2774529104521
-14.2957759122642
-14.3158515643803
-14.3380030017847
-14.3626466892041
-14.3903310268868
-14.4217967800143
-14.4580757894297
-14.5006607776261
-14.55181689458
-14.6152025330656
-14.6972506431126
-14.8107613345057
-14.9868142489223
-15.3371502699823
