2.10360853824555
2.10360853824298
2.1036085382394
2.10360853823435
2.10360853822719
2.10360853821691
2.10360853820204
2.10360853818034
2.10360853814851
2.10360853810209
2.10360853803653
2.10360853795374
2.10360853831265
2.10360853826794
2.10360853828763
2.10360853829461
2.10360853821971
2.1036085382407
2.10360853844139
2.10360853829374
2.10360853828681
2.10360853827725
2.10360853830385
2.10360853826606
2.10360853826268
2.10360853826032
2.10360853825888
2.10360853825833
2.10360853825862
2.1036085382597
2.10360853826147
2.10360853826379
2.10360853826642
2.10360853826902
2.10360853827117
2.10360853827254
2.10360853827299
2.10360853827258
2.10360853818017
2.10360853831059
2.10360853845386
2.1036085375617
2.10360853827949
2.10360853774519
2.1036085374304
2.10360853826164
2.10360853635845
2.10360853879257
2.10360853828361
2.10360853833747
2.10360853826846
2.10360853829745
2.10360853830281
2.10360853828572
2.10360853825722
2.10360853829875
2.10360853823528
2.10360853831212
2.10360853828501
2.10360853828469
2.10360853828549
2.10360853830881
2.10360853828289
2.10360853826164
2.10360853828501
2.10360853828501
