-1.334511006133527999e+01
-1.335092140873845779e+01
-1.335668216612465997e+01
-1.336239288998680586e+01
-1.336805412959914108e+01
-1.337366642709965348e+01
-1.337923031759731884e+01
-1.338474632926627983e+01
-1.339021498360921392e+01
-1.339563679521146078e+01
-1.340101227178328003e+01
-1.340634191486943649e+01
-1.341162622003292704e+01
-1.341686567552067899e+01
-1.342206076418948335e+01
-1.342721196225653557e+01
-1.343231974002561735e+01
-1.343738456183589491e+01
-1.344240688614717882e+01
-1.344738716569043646e+01
-1.345232584728858782e+01
-1.345722337233728894e+01
-1.346208017661928125e+01
-1.346689669043815130e+01
-1.347167333874906880e+01
-1.347641054115607773e+01
-1.348110871205386907e+01
-1.348576826066612178e+01
-1.349038959113598679e+01
-1.349497310261125094e+01
-1.349951918924701566e+01
-1.350402824037947624e+01
-1.350850064052542976e+01
-1.351293676946762545e+01
-1.351733700232157354e+01
-1.352170170960127216e+01
-1.352603125728389521e+01
-1.353032600687342502e+01
-1.353458631546329549e+01
-1.353881253579802646e+01
-1.354300501633387732e+01
-1.354716410129855220e+01
-1.355129013074995825e+01
-1.355538344063404566e+01
-1.355944436284171495e+01
-1.356347322526487353e+01
-1.356747035185158623e+01
-1.357143606266035896e+01
-1.357537067391361774e+01
-1.357927449805031550e+01
-1.358314784377774309e+01
-1.358699101612254445e+01
-1.359080431648092713e+01
-1.359458804266812493e+01
-1.359834248896707543e+01
-1.360206794617636561e+01
-1.360576470165744745e+01
-1.360943303938112336e+01
-1.361307323997333185e+01
-1.361668558076022606e+01
-1.362027033581257918e+01
-1.362382777598952721e+01
