7.780791557841600925e-01
8.159592767889672915e-01
8.538669097733829760e-01
8.918005566618683044e-01
9.297588539667454022e-01
9.677405661312702412e-01
1.005744564368744154e+00
1.043769811899164068e+00
1.081815354557055908e+00
1.119880313485996037e+00
1.157963876100596812e+00
1.196065287801774124e+00
1.234183846994288958e+00
1.272318900154111532e+00
1.310469837201296839e+00
1.348636087476611456e+00
1.386817116152338381e+00
1.425012419588604695e+00
1.463221524740194290e+00
1.501443990755252589e+00
1.539679398347800987e+00
1.577927327208089592e+00
1.616187428507795065e+00
1.654459336548866233e+00
1.692742713294568269e+00
1.731037237548568086e+00
1.769342603844734407e+00
1.807658521371180216e+00
1.845984712983151477e+00
1.884320914298805549e+00
1.922666872867827781e+00
1.961022347407466171e+00
1.999387107101435523e+00
2.037760930956424854e+00
2.076143607211250242e+00
2.114534932794000621e+00
2.152934712822221819e+00
2.191342760138736523e+00
2.229758894871084252e+00
2.268182943996282841e+00
2.306614742110270733e+00
2.345054127335906902e+00
2.383500944383670994e+00
2.421955048204250005e+00
2.460416291211819040e+00
2.498884535965105069e+00
2.537359648458292316e+00
2.575841499210534291e+00
2.614329963048462435e+00
2.652824918897469519e+00
