-5.206617572820965378e+00
-5.268024091017555754e+00
-5.329475230018886123e+00
-5.390970963724948106e+00
-5.452511358815844034e+00
-5.514096447638979548e+00
-5.575726266982258039e+00
-5.637400853586194138e+00
-5.699120244221268727e+00
-5.760884475722486187e+00
-5.822693584986984305e+00
-5.884547608966528287e+00
-5.946446584663521939e+00
-6.008390549130259828e+00
-6.070379539470381225e+00
-6.132413592842173244e+00
-6.194492746463844846e+00
-6.256617037619776944e+00
-6.318786503668953003e+00
-6.381001182050363596e+00
-6.443261110285360083e+00
-6.505566325962973906e+00
-6.567916866700459266e+00
-6.630312770063830463e+00
-6.692754072296799528e+00
-6.755240812932263417e+00
-6.817773024282383076e+00
-6.880350750341853505e+00
-6.942974035482843753e+00
-7.005642888511779631e+00
-7.068357377257565410e+00
-7.131117529575912606e+00
-7.193923384160252787e+00
-7.256774977621835987e+00
-7.319672349458812732e+00
-7.382615536007913093e+00
-7.445604576249707840e+00
-7.508639508356663050e+00
-7.571720370558283619e+00
-7.634847201142790141e+00
-7.698020034487474739e+00
-7.761238915588103637e+00
-7.824503879866349543e+00
-7.887814965749613272e+00
-7.951172211711728721e+00
-8.014575656272979742e+00
-8.078025338000252020e+00
-8.141521295507125444e+00
-8.205063567453976248e+00
-8.268652192548081814e+00
-8.332287209543718376e+00
-8.395968657242274702e+00
-8.459696574492300059e+00
-8.523471000189665858e+00
-8.587291973277592305e+00
-8.651159532746760306e+00
-8.715073717635387851e+00
-8.779034567029324165e+00
-8.843042120062104772e+00
-8.907096415915040311e+00
-8.971197493817316015e+00
-9.035345393046039675e+00
-9.099540152926332226e+00
-9.163781812831400586e+00
-9.228070412182624693e+00
-9.292405990449612574e+00
-9.356788587150287384e+00
-9.421218241850969122e+00
-9.485694994166456340e+00
-9.550218883760074107e+00
-9.614789950343764602e+00
-9.679408233678174156e+00
-9.744073773572708319e+00
-9.808786609885636665e+00
-9.873546782524124765e+00
-9.938354331444356760e+00
-1.000320929665158332e+01
-1.006811171820020512e+01
-1.013306163619385103e+01
-1.019805909078543493e+01
-1.026310412217729073e+01
-1.032819677062116703e+01
-1.039333707641836391e+01
-1.045852507991979330e+01
-1.052376082152604120e+01
-1.058904434168747066e+01
-1.065437568090428755e+01
-1.071975487972660268e+01
-1.078518197875452955e+01
-1.085065701863826071e+01
-1.091618003855566954e+01
-1.098175108189773574e+01
-1.104737018874841858e+01
-1.111303739955780578e+01
-1.117875275522762202e+01
-1.124451629671017550e+01
-1.131032806500836507e+01
-1.137618810117577617e+01
-1.144209644631682643e+01
-1.150805314158673021e+01
-1.157405822819169927e+01
-1.164011174738891086e+01
-1.170621374048667462e+01
-1.177236424884446464e+01
-1.183856331387300465e+01
-1.190481097703436397e+01
-1.197110727984203749e+01
-1.203745226386098643e+01
-1.210384597070778590e+01
-1.217028844205064786e+01
-1.223677971960952249e+01
-1.230331984515618693e+01
-1.236990886051431460e+01
-1.243654680755956399e+01
-1.250323372821964796e+01
-1.256996966447443675e+01
-1.263675465835602196e+01
-1.270358875194879289e+01
-1.277047198738953426e+01
-1.283740440686750439e+01
-1.290438605262452576e+01
-1.297141696695502944e+01
-1.303849719220618297e+01
-1.310562677077796323e+01
-1.317280574512321323e+01
-1.324003415774774339e+01
-1.330731205121042926e+01
-1.337463946812326121e+01
-1.344201645115147059e+01
-1.350944304301354748e+01
-1.357691928648141300e+01
-1.364444522438042107e+01
-1.371202089958948456e+01
-1.377964635504116764e+01
-1.384732163372172842e+01
-1.391504677867125928e+01
-1.398282183298370107e+01
-1.405064683980701545e+01
-1.411852184234317420e+01
-1.418644688384832797e+01
-1.425442200763283651e+01
-1.432244725706139121e+01
-1.439052267555307019e+01
-1.445864830658142708e+01
-1.452682419367459943e+01
-1.459505038041537794e+01
