-8.005787911355029962e+01
-4.005767913823121518e+01
-2.672414783397827165e+01
-2.005728341329843545e+01
-1.605708406380062314e+01
-1.339021498360921392e+01
-1.148524657623608647e+01
-1.005646395965792550e+01
-8.945136731350000758e+00
-8.056026820122744070e+00
-7.328528384522767780e+00
-6.722237732448813397e+00
-6.209183267622596425e+00
-5.769385448172010378e+00
-5.388192757254866905e+00
-5.054616680047500310e+00
-4.760254339788532185e+00
-4.498570251227024031e+00
-4.264404890890328481e+00
-4.053630696750799345e+00
-3.862906354528792718e+00
-3.689498097649434261e+00
-3.531147625384605249e+00
-3.385973042167585323e+00
-3.252393572117570297e+00
-3.129071647684461333e+00
-3.014867867972903515e+00
-2.908805609270408876e+00
-2.810042957892620930e+00
-2.717850256763771455e+00
-2.631591998076686423e+00
-2.550712111299213269e+00
-2.474721926295713192e+00
-2.403190260683914836e+00
-2.335735206739628644e+00
-2.272017287181102851e+00
-2.211733720948341642e+00
-2.154613594458746118e+00
-2.100413775810812567e+00
-2.048915441911150381e+00
-1.999921113871566902e+00
-1.953252115958171942e+00
-1.908746389136586119e+00
-1.866256602795574038e+00
-1.825648518261849151e+00
-1.786799565786375554e+00
-1.749597603206950680e+00
-1.713939829789605573e+00
-1.679731833072041658e+00
-1.646886750105444719e+00
-1.615324527367086205e+00
-1.584971266078697871e+00
-1.555758641640820006e+00
-1.527623387578229242e+00
-1.500506835780908155e+00
-1.474354506009077470e+00
-1.449115738608600878e+00
-1.424743365217858049e+00
-1.401193412965575202e+00
-1.378424838246606221e+00
-1.356399286683231731e+00
-1.335080876315072995e+00
-1.314436001436517065e+00
-1.294433154823219079e+00
-1.275042766367241898e+00
-1.256237056379096106e+00
-1.237989902031941591e+00
-1.220276715576559701e+00
-1.203074333156793241e+00
-1.186360913148079899e+00
-1.170115843086840135e+00
-1.154319654354457825e+00
-1.138953943872332175e+00
-1.124001302140398950e+00
-1.109445247044268168e+00
-1.095270162898676514e+00
-1.081461244138265387e+00
-1.068004443519702029e+00
-1.054886424101891818e+00
-1.042094514893251667e+00
-1.029616669771803883e+00
-1.017441429410109510e+00
-1.005557885951749553e+00
-9.939556502101010160e-01
-9.826248211816774880e-01
-9.715559576856384050e-01
-9.607400519659604621e-01
-9.501685050567504343e-01
-9.398331038764531353e-01
-9.297259997825918498e-01
-9.198396885713923110e-01
-9.101669917750825345e-01
-9.007010391654777237e-01
-8.914352523733478639e-01
-8.823633295422802503e-01
-8.734792309409528110e-01
-8.647771654649375472e-01
-8.562515779644683800e-01
-8.478971373397887756e-01
-8.397087253502831805e-01
-8.316814260883945709e-01
-8.238105160710231800e-01
-8.160914549122548767e-01
-8.085198765237064933e-01
-8.010915808307779162e-01
-7.938025259477127227e-01
-7.866488207942780031e-01
-7.796267181226950171e-01
-7.727326079278594717e-01
-7.659630112154961479e-01
-7.593145741098105139e-01
-7.527840622734973675e-01
-7.463683556254301354e-01
-7.400644433358097851e-01
-7.338694190822274699e-01
-7.277804765509092721e-01
-7.217949051684757755e-01
-7.159100860505530628e-01
-7.101234881544825628e-01
-7.044326646248303403e-01
