-1.340601827711653904e+01
-1.340513455685082178e+01
-1.340429951452092894e+01
-1.340350853474430792e+01
-1.340275760875827693e+01
-1.340204323415238541e+01
-1.340136233431908508e+01
-1.340071219322028284e+01
-1.340009040205008795e+01
-1.339949481526576314e+01
-1.339892351417565131e+01
-1.339837477660610965e+01
-1.339784705136656484e+01
-1.339733893669181342e+01
-1.339684916195043307e+01
-1.339637657202727539e+01
-1.339592011393473037e+01
-1.339547882585852179e+01
-1.339505182727198118e+01
-1.339463830772704611e+01
-1.339423752224561426e+01
-1.339384877755429493e+01
-1.339347145014397000e+01
-1.339310494789453543e+01
-1.339274872602695687e+01
-1.339240227846899600e+01
-1.339206513434525370e+01
-1.339173685484166931e+01
-1.339141703040886355e+01
-1.339110527826116837e+01
-1.339080124013447914e+01
-1.339050458027175949e+01
-1.339021498360921392e+01
-1.338993215413977822e+01
-1.338965581343369671e+01
-1.338938569929850431e+01
-1.338912156456304814e+01
-1.338886317597196118e+01
-1.338861031317848571e+01
-1.338836276782485513e+01
-1.338812034274674900e+01
-1.338788285106283205e+01
-1.338765011560427354e+01
-1.338742196840289722e+01
-1.338719824965613014e+01
-1.338697880764000381e+01
-1.338676349797742304e+01
-1.338655218322103835e+01
-1.338634473242469625e+01
-1.338614102074703993e+01
