-1.337970894578645620e+01
-1.337991917728050417e+01
-1.338013393994751787e+01
-1.338035341147649326e+01
-1.338057778175083357e+01
-1.338080724728874316e+01
-1.338104202067902371e+01
-1.338128232594337774e+01
-1.338152840100511121e+01
-1.338178049883801002e+01
-1.338203888873484182e+01
-1.338230385771062636e+01
-1.338257571205805085e+01
-1.338285477907509247e+01
-1.338314140898802052e+01
-1.338343597709664579e+01
-1.338373888617312524e+01
-1.338405056923489411e+01
-1.338437149216528788e+01
-1.338470215785038597e+01
-1.338504310941248754e+01
-1.338539493477146891e+01
-1.338575827159769105e+01
-1.338613381296007709e+01
-1.338652231378858204e+01
-1.338692459829462322e+01
-1.338734156852144253e+01
-1.338777421421381320e+01
-1.338822362446124536e+01
-1.338869100081862840e+01
-1.338917767337503406e+01
-1.338968511903303948e+01
-1.339021498360921392e+01
-1.339076910796944908e+01
-1.339134955939001514e+01
-1.339195866940529278e+01
-1.339259908687541589e+01
-1.339327379912347915e+01
-1.339398627125154739e+01
-1.339474046309827848e+01
-1.339554097248072217e+01
-1.339639316648505840e+01
-1.339730335899779234e+01
-1.339827904079535692e+01
-1.339932918656558769e+01
-1.340046466144728576e+01
-1.340169877741674043e+01
-1.340304807261244413e+01
-1.340453341240101715e+01
-1.340618160244648749e+01
-1.340802781457808912e+01
-1.341011936897847434e+01
-1.341252188167288217e+01
-1.341532978439995638e+01
-1.341868550371698099e+01
-1.342281739771111226e+01
-1.342812340244148928e+01
-5.000000000000000000e+00
-5.000000000000000000e+00
-5.000000000000000000e+00
