9.427560212024940767e-02
1.171898043828172725e-01
1.400022335536280915e-01
1.627583602629304738e-01
1.854873615119680685e-01
2.082081051885437128e-01
2.309328497040846750e-01
2.536695455220538409e-01
2.764232948048370164e-01
2.991972799458321175e-01
3.219934072185968166e-01
3.448126908202095442e-01
3.676555457972062180e-01
3.905219843045568684e-01
4.134117393734484946e-01
4.363243601308086639e-01
4.592592773747641299e-01
4.822158485076761814e-01
5.051933906220392734e-01
5.281912017084935407e-01
5.512085769054090312e-01
5.742448194075174817e-01
5.972992479129679566e-01
6.203712013401859737e-01
6.434600351396216888e-01
6.665651569709063473e-01
6.896859622414004409e-01
7.128218945717834654e-01
7.359724203549844468e-01
7.591370305181868172e-01
7.823152402601092348e-01
8.055065881995520094e-01
8.287106354277539166e-01
8.519269649270757583e-01
8.751551794956075048e-01
8.983949012753316143e-01
9.216457706742673395e-01
9.449074453593386824e-01
9.681795840759087612e-01
9.914619204997381363e-01
1.014754116708854070e+00
1.038055900797603348e+00
1.061367005989721335e+00
1.084687172283477663e+00
1.108016155598820829e+00
1.131353719994108165e+00
1.154699640377666592e+00
1.178053701282324006e+00
1.201415696327086557e+00
1.224785427713055430e+00
1.248162705752466017e+00
1.271547348429951318e+00
1.294939181655659910e+00
1.318338037002110275e+00
1.341743753435727271e+00
1.365156175903411429e+00
1.388575155227012026e+00
1.412000547804892481e+00
1.435432215331754247e+00
1.458870024535479759e+00
1.482313846929828038e+00
1.505763558581873385e+00
1.529219039893117138e+00
1.552680175393296391e+00
1.576146853545985715e+00
1.599618966565214739e+00
1.623096410242429677e+00
1.646579083783244579e+00
1.670066889653629261e+00
1.693559733435617831e+00
1.717057523693149346e+00
1.740560171848254845e+00
1.764067594107235459e+00
1.787579696940233553e+00
1.811096411080831858e+00
1.834617659245084242e+00
1.858143365992402263e+00
1.881673446604818833e+00
1.905207835374615133e+00
1.928746462613202262e+00
1.952289260585100550e+00
1.975836163432258097e+00
1.999387107101435523e+00
2.022942029274732434e+00
2.046500869303965242e+00
2.070063568148232669e+00
2.093630068314202397e+00
2.117200313799348255e+00
2.140774250038035120e+00
2.164351823849715029e+00
2.187932983389672792e+00
2.211517678102083106e+00
2.235105858675074053e+00
2.258697476997679754e+00
2.282292486118752795e+00
2.305890840207889259e+00
2.329492494517626078e+00
2.353097405347492455e+00
2.376705530009623590e+00
2.400316826795722669e+00
2.423931254945335123e+00
2.447548774615567524e+00
2.471169346851963766e+00
2.494792936093679803e+00
2.518419500889262252e+00
2.542049006535585409e+00
2.565681417367131179e+00
2.589316698477768686e+00
2.612954815697918765e+00
2.636595735572569765e+00
2.660239425340162889e+00
2.683885852912253345e+00
2.707534986853942449e+00
2.731186796365044689e+00
2.754841251261934687e+00
2.778498321960078954e+00
2.802157979457181813e+00
2.825820195316953054e+00
2.849484941653455117e+00
2.873152191115994736e+00
2.896821916874566583e+00
2.920494092605775194e+00
2.944168692479287142e+00
2.967845691144703313e+00
2.991525063718916133e+00
3.015206785773877574e+00
3.038890833324778828e+00
3.062577182818632338e+00
3.086265811123226399e+00
3.109956695516445713e+00
3.133649813675940088e+00
3.157345143669123555e+00
3.181042663943510096e+00
3.204742353317336256e+00
3.228444190970502170e+00
3.252148156435783033e+00
3.275854229590327460e+00
3.299562390647407195e+00
3.323272620148433276e+00
3.346984898955211563e+00
3.370699208242429190e+00
3.394415529490377281e+00
3.418133844477889038e+00
3.441854135275482118e+00
3.465576384238714613e+00
3.489300574001724442e+00
3.513026687470970355e+00
3.536754707819140808e+00
3.560484618479254237e+00
3.584216403138913432e+00
3.607950045734733990e+00
3.631685530446921106e+00
3.655422841241624976e+00
3.679161963656073731e+00
3.702902882139612828e+00
3.726645581795793749e+00
3.750390047946850380e+00
3.774136266129117345e+00
3.797884222088577566e+00
3.821633901776522624e+00
3.845385291345261525e+00
3.869138377144337504e+00
3.892893145716011638e+00
3.916649583791730116e+00
3.940407678288236681e+00
3.964167416303882252e+00
3.987928785115023800e+00
4.011691772172453874e+00
4.035456365098211151e+00
4.059222551681944680e+00
4.082990319877868757e+00
4.106759657801485552e+00
4.130530553726597276e+00
4.154302996082235744e+00
4.178076973449738496e+00
4.201852474559889750e+00
4.225629488290113756e+00
4.249408003661764077e+00
4.273188009837453727e+00
4.296969496118453691e+00
4.320752451942169614e+00
4.344536866879654902e+00
4.368322730633197537e+00
4.392110033033964633e+00
4.415898764039685176e+00
4.439688913732410036e+00
4.463480472316304848e+00
4.487273430115498840e+00
4.511067777571996729e+00
4.534863505243602155e+00
4.558660603801936162e+00
4.582459064030460105e+00
4.606258876822558967e+00
4.630060033179677959e+00
4.653862524209471552e+00
4.677666341124017357e+00
4.701471475238074405e+00
4.725277917967345864e+00
4.749085660826808386e+00
4.772894695429084067e+00
4.796705013482808866e+00
4.820516606791073855e+00
4.844329467249887777e+00
4.868143586846660931e+00
4.891958957658736118e+00
4.915775571851936476e+00
4.939593421679166596e+00
4.963412499479011863e+00
4.987232797674391094e+00
5.011054308771218935e+00
5.034877025357112679e+00
5.058700940100119503e+00
5.082526045747462362e+00
5.106352335124301867e+00
5.130179801132575435e+00
5.154008436749776934e+00
5.177838235027832248e+00
5.201669189091970402e+00
5.225501292139593801e+00
5.249334537439222181e+00
5.273168918329406374e+00
5.297004428217693572e+00
5.320841060579606818e+00
5.344678808957636029e+00
5.368517666960251233e+00
5.392357628260939784e+00
5.416198686597277323e+00
5.440040835769957006e+00
5.463884069641912866e+00
5.487728382137416538e+00
5.511573767241200628e+00
5.535420218997577635e+00
5.559267731509619281e+00
