-3.708235769621105504e+01
-1.821678814721908068e+01
-1.192778985019736560e+01
-8.782940009382917523e+00
-6.895753297334556109e+00
-5.637400853586194138e+00
-4.738384582558267333e+00
-4.063955267445372499e+00
-3.539252212898700733e+00
-3.119358995705003412e+00
-2.775692499541434266e+00
-2.489197294605565602e+00
-2.246681191697062374e+00
-2.038721240601351070e+00
-1.858407329686657228e+00
-1.700556801000161267e+00
-1.561206516438871983e+00
-1.437274024016143459e+00
-1.326325809943449174e+00
-1.226415061391658456e+00
-1.135965783031181342e+00
-1.053688518434396038e+00
-9.785180575114577062e-01
-9.095667171394591355e-01
-8.460888349543327358e-01
-7.874534567903536120e-01
-7.331230938467677705e-01
-6.826370319917567375e-01
-6.355980944296434343e-01
-5.916620519208333207e-01
-5.505290825471168548e-01
-5.119368333586964415e-01
-4.756547434616797410e-01
-4.414793672601803332e-01
-4.092305026792675826e-01
-3.787479620412377845e-01
-3.498888676961991462e-01
-3.225253744938644807e-01
-2.965427426604515526e-01
-2.718376997539555529e-01
-2.483170423369292501e-01
-2.258964374195587543e-01
-2.044993911459612179e-01
-1.840563581166370921e-01
-1.645039694692936594e-01
-1.457843616119001429e-01
-1.278445907107624846e-01
-1.106361206519529405e-01
-9.411437252427969080e-02
-7.823832993905573130e-02
-6.297018944352562875e-02
-4.827505174792138393e-02
-3.412064784671394596e-02
-2.047709561004067494e-02
-7.316682835924194148e-03
5.386326383541251150e-03
1.765586486962584037e-02
2.951421782187589951e-02
4.098216230128210597e-02
5.207909284829243673e-02
6.282313473233291923e-02
7.323124624381452397e-02
8.331931124610993111e-02
9.310222305263507470e-02
1.025939605611383421e-01
1.118076575088512853e-01
1.207556653659335733e-01
1.294496109720556509e-01
1.379004488920381744e-01
1.461185094128765460e-01
1.541135424626411121e-01
1.618947578707710389e-01
1.694708623195507746e-01
1.768500935086033121e-01
1.840402506023700868e-01
1.910487238702423540e-01
1.978825215675226734e-01
2.045482930527403043e-01
2.110523524201374512e-01
2.174006991988096660e-01
2.235990377418603514e-01
2.296527951989716376e-01
2.355671381900237560e-01
2.413469882876260464e-01
2.469970364074100255e-01
2.525217561953681522e-01
2.579254163575064873e-01
2.632120927968563673e-01
2.683856786936177907e-01
2.734498951009829981e-01
2.784083002739122237e-01
2.832642985026230242e-01
2.880211483600770284e-01
2.926819704560307822e-01
2.972497546701121651e-01
3.017273669487584575e-01
3.061175556791491115e-01
3.104229576733107954e-01
3.146461037899526136e-01
3.187894242181939508e-01
3.228552534542132313e-01
3.268458351056163780e-01
3.307633256317268899e-01
3.346097998470966006e-01
3.383872534797673914e-01
3.420976075474061462e-01
3.457427117084261869e-01
3.493243475561491063e-01
3.528442317319625543e-01
3.563040188692374044e-01
3.597053043776011205e-01
3.630496270790733448e-01
3.663384717040265581e-01
3.695732712560705346e-01
3.727554092537551100e-01
3.758862218565099389e-01
3.789669998817459806e-01
3.819989907195649459e-01
3.849834001510992199e-01
3.879213940759418944e-01
