-8.376254047487158294e-01
-1.421369912019658788e+00
-2.009685944556402148e+00
-2.602605389104535760e+00
-3.200160571173229940e+00
-3.802384260601466615e+00
-4.409309677179890308e+00
-5.020970496528232019e+00
-5.637400853586194138e+00
-6.258635353001452906e+00
-6.884709079142034227e+00
-7.515657590774321051e+00
-8.151516926140146779e+00
-8.792323618164774146e+00
-9.438114709721308060e+00
-1.008892774124933567e+01
-1.074480076767407155e+01
-1.140577236364282321e+01
-1.207188163069556275e+01
-1.274316820177469900e+01
-1.341967225964585353e+01
-1.410143452804419795e+01
-1.478849629025429024e+01
-1.548089939496182588e+01
-1.617868626155880563e+01
-1.688189989247981870e+01
-1.759058387808019930e+01
-1.830478240715024896e+01
-1.902454027462891162e+01
-1.974990288948356465e+01
-2.048091628852075274e+01
-2.121762713841588166e+01
-2.196008274984212250e+01
-2.270833108585360804e+01
-2.346242077164019335e+01
-2.422240110447682682e+01
-2.498832206387210420e+01
-2.576023432192017637e+01
-2.653818925386032745e+01
-2.732223894884885596e+01
-2.811243622094790240e+01
-2.890883462033600182e+01
-2.971148844474516793e+01
-3.052045275112964973e+01
-3.133578336757150140e+01
-3.215753690542828735e+01
-3.298577077172824801e+01
-3.382054318181883446e+01
-3.466191317227387003e+01
-3.550994061406585445e+01
-3.636468622600887102e+01
-3.722621158847880452e+01
-3.809457915741695189e+01
-3.896985227862397494e+01
-3.985209520235030567e+01
-4.074137309819081310e+01
-4.163775207029016912e+01
-4.254129917286652329e+01
-4.345208242606107518e+01
-4.437017083212116120e+01
-4.529563439192504148e+01
-4.622854412185608908e+01
