-4.316939614912079115e+00
-4.342911584607925590e+00
-4.369462053943140134e+00
-4.396614233809337691e+00
-4.424392843514260321e+00
-4.452823821508700597e+00
-4.481934889084216778e+00
-4.511755424649859236e+00
-4.542316663072648808e+00
-4.573651851510637023e+00
-4.605796421690956599e+00
-4.638788180737465794e+00
-4.672667522970747278e+00
-4.707477665478080553e+00
-4.743264910692559511e+00
-4.780078939743287236e+00
-4.817973140959493250e+00
-4.857004979272134371e+00
-4.897236408061326429e+00
-4.938734343995600184e+00
-4.981571191248006514e+00
-5.025825445445391004e+00
-5.071582378805392644e+00
-5.118934822814231289e+00
-5.167984065400853311e+00
-5.218840883074120640e+00
-5.271626732852080721e+00
-5.326475134333772843e+00
-5.383533278688235058e+00
-5.442963911430867441e+00
-5.504947543615950067e+00
-5.569685066328339040e+00
-5.637400853586194138e+00
-5.708346469970081216e+00
-5.782805127047347504e+00
-5.861097075303785431e+00
-5.943585908075346147e+00
-6.030687950462702673e+00
-6.122879625471056464e+00
-6.220712549735346819e+00
-6.324827988269022150e+00
-6.435977197807811301e+00
-6.555047337741532587e+00
-6.683095462788396723e+00
-6.821393189104878907e+00
-6.971487414718295916e+00
-7.135283773057053303e+00
-7.315162132310314647e+00
-7.514143691477658038e+00
-7.736136355541797904e+00
-7.986304858265001805e+00
-8.271657380466537646e+00
-8.602003397099158732e+00
-8.991614961917807847e+00
-9.462294013316551400e+00
-1.004953519222597436e+01
-1.081637561529560010e+01
-1.000000000000000000e+00
-1.000000000000000000e+00
-1.000000000000000000e+00
