-2.217716041601648147e+00
-2.334948762542384149e+00
-2.451110388200830492e+00
-2.566267910343415171e+00
-2.680481933063869171e+00
-2.793807533572134183e+00
-2.906294946991734740e+00
-3.017990147659380007e+00
-3.128935349909656161e+00
-3.239169439255929817e+00
-3.348728334282248920e+00
-3.457645295416069242e+00
-3.565951200320912839e+00
-3.673674782258685045e+00
-3.780842837474468254e+00
-3.887480407869471577e+00
-3.993610942129783847e+00
-4.099256412856924214e+00
-4.204437442526681501e+00
-4.309173527092523770e+00
-4.413483005428356698e+00
-4.517383421590394299e+00
-4.620890705366449858e+00
-4.724020526989664681e+00
-4.826787565369398791e+00
-4.929205751021250137e+00
-5.031288319482329463e+00
-5.133047860254910333e+00
-5.234496361323117242e+00
-5.335645249748671048e+00
-5.436505428776258420e+00
-5.537087311810919843e+00
-5.637400853586194138e+00
-5.737455578805457534e+00
-5.837260608505437709e+00
-5.936824684361935667e+00
-6.036156191133366100e+00
-6.135263177416664604e+00
-6.234153374871209685e+00
-6.332834216047917408e+00
-6.431312850647640467e+00
-6.529596161912906815e+00
-6.627690779732446025e+00
-6.725603093859932713e+00
-6.823339268055059748e+00
-6.920905249834012452e+00
-7.018306782255164578e+00
-7.115549413895542408e+00
-7.212638508372770652e+00
-7.309579253272155519e+00
