4.700690115241862865e-01
4.706162069530451797e-01
4.711680458323480591e-01
4.717245815348878324e-01
4.722858676577366688e-01
4.728519579733799771e-01
4.734229063754293310e-01
4.739987668183553993e-01
4.745795932506463588e-01
4.751654395410535026e-01
4.757563593960228432e-01
4.763524062700653650e-01
4.769536332665846867e-01
4.775600930251647780e-01
4.781718376020546168e-01
4.787889183354467892e-01
4.794113856964703491e-01
4.800392891306458631e-01
4.806726768721167331e-01
4.813115957497090536e-01
4.819560909680904448e-01
4.826062058676244271e-01
4.832619816597485962e-01
4.839234571353572822e-01
4.845906683433401918e-01
4.852636482363489878e-01
4.859424296874145233e-01
4.866270305192486600e-01
4.873174759612323714e-01
4.880137820245114555e-01
4.887159616044196020e-01
4.894240173992104870e-01
4.901379473057743685e-01
4.908577414181108933e-01
4.915833813178590583e-01
4.923148391093989384e-01
4.930520763496206715e-01
4.937950428594121144e-01
4.945436754026013570e-01
4.952978962162412624e-01
4.960576113739050275e-01
4.968227089611333969e-01
4.975930570392707586e-01
4.983685013705618783e-01
4.991488628734673805e-01
4.999339347725662575e-01
5.007234794020934965e-01
5.015172246159236291e-01
5.023148597495531442e-01
5.031160310711401129e-01
5.039203452870217870e-01
5.047273269476684199e-01
5.055364707725333862e-01
5.063471922672505565e-01
5.071588304094939437e-01
5.079706380129742627e-01
5.087817707296700132e-01
5.095912744696976526e-01
5.103980709776617664e-01
5.112009374634707282e-01
5.119985067749283081e-01
5.127892052211119323e-01
5.135712725001494450e-01
5.143427048617911224e-01
5.151012060456112707e-01
5.158442088119670199e-01
5.165687559558657105e-01
5.172714825193777122e-01
5.179485418790167328e-01
5.185955274176091701e-01
5.192073792400802024e-01
5.197782720647070587e-01
5.203014814800244192e-01
5.207692219356057084e-01
5.211724494450181711e-01
5.215006210680935839e-01
5.217413985765471107e-01
5.218802784450956578e-01
5.219001851889880639e-01
5.217807911959849720e-01
5.214979173142059166e-01
5.210225565273904902e-01
5.203197110124502256e-01
5.193468687661216832e-01
5.180520071540221094e-01
5.163709483344579576e-01
5.142238075215002091e-01
5.115101781025435113e-01
5.081024750490300557e-01
5.038366141818216848e-01
4.984986989250284606e-01
4.918055955826448056e-01
4.833761306144321868e-01
4.726868628669763650e-01
4.590024496210524663e-01
4.412623462357839754e-01
4.178883053812394444e-01
3.864417027545829497e-01
3.429765890895392078e-01
2.807260645871134663e-01
