1.999387105735054071e+00
1.999387105743735127e+00
1.999387111491569557e+00
1.999387112678749467e+00
1.999387115646395152e+00
1.999387123009098488e+00
1.999387102737224309e+00
1.999387104007773308e+00
1.999387104834155604e+00
1.999387105418185762e+00
1.999387105830350286e+00
1.999387106103496681e+00
1.999387106257711988e+00
1.999387106308959439e+00
1.999387106272557890e+00
1.999387106164787875e+00
1.999387106003457371e+00
1.999387105807907572e+00
1.999387105598102732e+00
1.999387105391835506e+00
1.999387105198590531e+00
1.999387105009371890e+00
1.999387104787914815e+00
1.999387082691423512e+00
1.999387107101435523e+00
1.999387108056191353e+00
1.999387110088195030e+00
1.999387110001564993e+00
1.999387116475656478e+00
1.999387105186816171e+00
1.999387109282570574e+00
1.999387104464815712e+00
1.999387104530929493e+00
1.999387104642441848e+00
1.999387104752072153e+00
1.999387104848549646e+00
1.999387104930773873e+00
1.999387105000161258e+00
1.999387105058543668e+00
1.999387105107642393e+00
1.999387105148961563e+00
1.999387105649356178e+00
1.999387105822538313e+00
1.999387105831829992e+00
1.999387105840793488e+00
1.999387105849418589e+00
1.999387105857695746e+00
1.999387105865618297e+00
1.999387105873180914e+00
1.999387105880382709e+00
1.999387105887224125e+00
1.999387105893708272e+00
1.999387105899840700e+00
1.999387105905629403e+00
1.999387105911082818e+00
1.999387082057254572e+00
1.999387082614892730e+00
1.999387083325262049e+00
1.999387084177257412e+00
1.999387085159394672e+00
1.999387086260070445e+00
1.999387087467667579e+00
1.999387088770723464e+00
1.999387090157985325e+00
1.999387091618521461e+00
1.999387093141779870e+00
1.999387094717604230e+00
1.999387096336312730e+00
1.999387097988734929e+00
1.999387099666209977e+00
1.999387105676741827e+00
1.999387105677303822e+00
1.999387104770690371e+00
1.999387106472963360e+00
1.999387104995015818e+00
1.999387105029867495e+00
1.999387105073297199e+00
1.999387105119936781e+00
1.999387105166513745e+00
1.999387105211192672e+00
1.999387105253039421e+00
1.999387105291674516e+00
1.999387105327039560e+00
1.999387105359238692e+00
1.999387105388471086e+00
1.999387105414966337e+00
1.999387105438967582e+00
1.999387105460707525e+00
1.999387105480402438e+00
1.999387105498256600e+00
1.999387105514447427e+00
1.999387105529143449e+00
1.999387105499283557e+00
1.999387105512978824e+00
1.999387105525361807e+00
1.999387105536558629e+00
1.999387105546681642e+00
1.999387105766835315e+00
1.999387105918890128e+00
1.999387106128439173e+00
1.999387106439147077e+00
1.999387106963389060e+00
1.999387108326546647e+00
1.999387176236877339e+00
1.999387106159310923e+00
1.999387105933449371e+00
1.999387106160779748e+00
1.999387106423030636e+00
1.999387106640122092e+00
1.999387106819103144e+00
1.999387106967820626e+00
1.999387107091375348e+00
1.999387107193083102e+00
1.999387107275279352e+00
1.999387107339808844e+00
1.999387107388292506e+00
1.999387107590604229e+00
1.999387107597992763e+00
1.999387107596306112e+00
