4.335107924348697850e+00
4.261859119992898570e+00
4.188622956458647906e+00
4.115399646975022030e+00
4.042189723666354872e+00
3.968993173062852708e+00
3.895810443748401575e+00
3.822641859868372016e+00
3.749487759657708086e+00
3.676348496295149815e+00
3.603224438832413501e+00
3.530115973206174651e+00
3.457023503340992399e+00
3.383947452353440966e+00
3.310888263868545067e+00
3.237846403461421385e+00
3.164822360238782384e+00
3.091816652788819564e+00
3.018829811222468518e+00
2.945862415281156110e+00
2.872915066701008602e+00
2.799988401710659325e+00
2.727083093812431080e+00
2.654199856907580646e+00
2.581339448810821224e+00
2.508502675203212018e+00
2.435690394030300077e+00
2.362903519824974818e+00
2.290143033396615291e+00
2.217409980031455063e+00
2.144705486047881582e+00
2.072030760238845026e+00
1.999387107101435523e+00
1.926775937086365298e+00
1.854198779397271624e+00
1.781657297105081028e+00
1.709153359873787359e+00
1.636688790417043515e+00
1.564265933849222190e+00
1.491887144752743977e+00
1.419555092283437903e+00
1.347272749755001886e+00
1.275043445846737011e+00
1.202870939608530865e+00
1.130759477073795871e+00
1.058713901133276236e+00
9.867398463052877711e-01
9.148438048108512577e-01
8.430334252228862679e-01
7.713178869462516962e-01
6.997081039665266067e-01
6.282176926954332608e-01
5.568636356461226233e-01
4.856678405322732983e-01
4.146594471990038833e-01
3.438789053146435459e-01
2.733856525113813052e-01
1.000000000000000000e+00
1.000000000000000000e+00
1.000000000000000000e+00
