-1.339021498353181627e+01
-1.339021498353229944e+01
-1.339021498386445685e+01
-1.339021498393355003e+01
-1.339021498410515321e+01
-1.339021498452987835e+01
-1.339021498335833193e+01
-1.339021498342981609e+01
-1.339021498347594274e+01
-1.339021498350830619e+01
-1.339021498353101158e+01
-1.339021498354601114e+01
-1.339021498355451278e+01
-1.339021498355746154e+01
-1.339021498355573847e+01
-1.339021498355024953e+01
-1.339021498354195039e+01
-1.339021498353186246e+01
-1.339021498352102491e+01
-1.339021498351034545e+01
-1.339021498350025929e+01
-1.339021498349011630e+01
-1.339021498347728212e+01
-1.339021498247954156e+01
-1.339021498360921392e+01
-1.339021498366278706e+01
-1.339021498377614527e+01
-1.339021498377013408e+01
-1.339021498412497557e+01
-1.339021498350140504e+01
-1.339021498356316719e+01
-1.339021498346150807e+01
-1.339021498346514605e+01
-1.339021498347129047e+01
-1.339021498347733363e+01
-1.339021498348265560e+01
-1.339021498348718886e+01
-1.339021498349101336e+01
-1.339021498349423034e+01
-1.339021498349693573e+01
-1.339021498349921124e+01
-1.339021498352695438e+01
-1.339021498353666395e+01
-1.339021498353719153e+01
-1.339021498353770134e+01
-1.339021498353819339e+01
-1.339021498353866413e+01
-1.339021498353911710e+01
-1.339021498353954875e+01
-1.339021498353996087e+01
-1.339021498354035344e+01
-1.339021498354072648e+01
-1.339021498354107997e+01
-1.339021498354141393e+01
-1.339021498354173012e+01
-1.339021498236120600e+01
-1.339021498239138985e+01
-1.339021498242901664e+01
-1.339021498247348063e+01
-1.339021498252415654e+01
-1.339021498258042620e+01
-1.339021498264166254e+01
-1.339021498270726340e+01
-1.339021498277663191e+01
-1.339021498284919431e+01
-1.339021498292439993e+01
-1.339021498300172297e+01
-1.339021498308066604e+01
-1.339021498316075842e+01
-1.339021498324155957e+01
-1.339021498352849271e+01
-1.339021498352852113e+01
-1.339021498348427741e+01
-1.339021498356413709e+01
-1.339021498349206851e+01
-1.339021498349368500e+01
-1.339021498349583084e+01
-1.339021498349820938e+01
-1.339021498350062878e+01
-1.339021498350297890e+01
-1.339021498350520112e+01
-1.339021498350726702e+01
-1.339021498350916950e+01
-1.339021498351091033e+01
-1.339021498351249484e+01
-1.339021498351393724e+01
-1.339021498351524642e+01
-1.339021498351643835e+01
-1.339021498351751838e+01
-1.339021498351849893e+01
-1.339021498351939066e+01
-1.339021498352020245e+01
-1.339021498352437511e+01
-1.339021498352469308e+01
-1.339021498352498263e+01
-1.339021498352524553e+01
-1.339021498352548178e+01
-1.339021498353409001e+01
-1.339021498354199124e+01
-1.339021498355336881e+01
-1.339021498357135265e+01
-1.339021498360385287e+01
-1.339021498369357488e+01
-1.339021498833765911e+01
-1.339021498356122919e+01
-1.339021498352691886e+01
-1.339021498353595518e+01
-1.339021498355130113e+01
-1.339021498356443196e+01
-1.339021498357537432e+01
-1.339021498358453677e+01
-1.339021498359221418e+01
-1.339021498359860551e+01
-1.339021498360385642e+01
-1.339021498360807172e+01
-1.339021498361134910e+01
-1.339021498362169638e+01
-1.339021498362272133e+01
-1.339021498362318141e+01
