4.137629469588928743e-01
4.241601584918599510e-01
4.331943375514905048e-01
4.410511980448850733e-01
4.478860595461148231e-01
4.538298019948797668e-01
4.589934605260582168e-01
4.634718320995558360e-01
4.673463239198990538e-01
4.706872242418193020e-01
4.735555284599435866e-01
4.760044153172940384e-01
4.780804516208216337e-01
4.798245827929518703e-01
4.812729504152612470e-01
4.824575706305461176e-01
4.834069031889929313e-01
4.841463524735408197e-01
4.846986348392052779e-01
4.850840664172875183e-01
4.853209742795278614e-01
4.854258830728255814e-01
4.854137570087270759e-01
4.852981140319320152e-01
4.850912459063518867e-01
4.848043394154871732e-01
4.844475962145390890e-01
4.840303375300268329e-01
4.835610958671601733e-01
4.830476955534045991e-01
4.824973236657572051e-01
4.819165926509746400e-01
4.813115957497090536e-01
4.806879561696097980e-01
4.800508708145832526e-01
4.794051492531608560e-01
4.787552485356048049e-01
4.781053043436411798e-01
4.774591589261485414e-01
4.768203861977832192e-01
4.761923144596628688e-01
4.755780464253029360e-01
4.749804777213250118e-01
4.744023143879031457e-01
4.738460861638975619e-01
4.733141619462851168e-01
4.728087613544954548e-01
4.723319662425729537e-01
4.718857310271135641e-01
4.714718921134740115e-01
