-1.655395541405736282e+01
-1.638742601707921054e+01
-1.622089825683404385e+01
-1.605437216804529754e+01
-1.588784778648367357e+01
-1.572132514900744837e+01
-1.555480429360469863e+01
-1.538828525943741177e+01
-1.522176808688769434e+01
-1.505525281760612621e+01
-1.488873949456238144e+01
-1.472222816209824892e+01
-1.455571886598317022e+01
-1.438921165347241349e+01
-1.422270657336804867e+01
-1.405620367608286791e+01
-1.388970301370738092e+01
-1.372320464008005914e+01
-1.355670861086102974e+01
-1.339021498360921392e+01
-1.322372381786395934e+01
-1.305723517522929633e+01
-1.289074911946330992e+01
-1.272426571657294048e+01
-1.255778503491193554e+01
-1.239130714528116428e+01
-1.222483212078017978e+01
-1.205836003786712318e+01
-1.189189097547639307e+01
-1.172542501529052572e+01
-1.155896224125557659e+01
-1.139250274217129011e+01
-1.122604660911767027e+01
-1.105959393687224690e+01
-1.089314482385161753e+01
-1.072669937227693460e+01
-1.056025768834725298e+01
-1.039381988242088362e+01
-1.022738606920483662e+01
-1.006095636795245696e+01
-9.894530902669272265e+00
-9.728109802327050915e+00
-9.561693201085914140e+00
-9.395281238524274769e+00
-9.228874059876220670e+00
-9.062471816275703418e+00
-8.896074665006764803e+00
-8.729682769758627003e+00
-8.563296300884159606e+00
-8.396915435659781934e+00
-8.230540358428678260e+00
-8.064171261371884114e+00
-7.897808343877610326e+00
-7.731451813445882948e+00
-7.565101885704904383e+00
-7.398758784595916183e+00
-7.232422742520742354e+00
-7.066094000439744782e+00
-6.899772807904966498e+00
-6.733459422965170305e+00
-6.567154112233991370e+00
-6.400857150129174222e+00
-6.234568818940755541e+00
-6.068289407819504433e+00
-5.902019211692683065e+00
-5.735758530660779897e+00
-5.569507667472707979e+00
-5.403266925726206260e+00
-5.237036606873437528e+00
-5.070817006494085177e+00
-4.904608409534095159e+00
-4.738411084227153403e+00
-4.572225274433867170e+00
-4.406051189892111530e+00
-4.239888993889407764e+00
-4.073738787661986827e+00
-3.907600590619443981e+00
-3.741474315184414756e+00
-3.575359736229201779e+00
-3.409256447648212340e+00
-3.243163813817308228e+00
-3.077080901700538274e+00
-2.911006395936911684e+00
-2.744938488689382172e+00
-2.578874736543742774e+00
-2.412811873556247821e+00
-2.246745565419731694e+00
-2.080670084077162141e+00
-1.914577873310663314e+00
-1.748458964051849529e+00
-1.582300179494360082e+00
-1.416084042706846624e+00
-1.249787258581328553e+00
-1.083378572523077565e+00
-9.168157046718327097e-01
-7.500408899651832551e-01
-5.829742465360923109e-01
-4.155037034834161425e-01
-2.474692855465795982e-01
-7.863783749942583612e-02
