-1.339021498347816674e+01
-1.339021498347772621e+01
-1.339021498347728389e+01
-1.339021498347683981e+01
-1.339021498347639394e+01
-1.339021498347594807e+01
-1.339021498347550398e+01
-1.339021498347504213e+01
-1.339021498347461048e+01
-1.339021498347416639e+01
-1.339021498347372408e+01
-1.339021498347328532e+01
-1.339021498347284655e+01
-1.339021498347241135e+01
-1.339021498347198147e+01
-1.339021498347155692e+01
-1.339021498347113592e+01
-1.339021498347072381e+01
-1.339021498347031525e+01
-1.339021498346991912e+01
-1.339021498351576511e+01
-1.339021498351593387e+01
-1.339021498351779016e+01
-1.339021498352319561e+01
-1.339021498353294781e+01
-1.339021498354258632e+01
-1.339021498354682826e+01
-1.339021498354661688e+01
-1.339021498354477657e+01
-1.339021498346662220e+01
-1.339021498346639127e+01
-1.339021498346618344e+01
-1.339021498346600225e+01
-1.339021498346585481e+01
-1.339021498346573935e+01
-1.339021498346566474e+01
-1.339021498346563455e+01
-1.339021498346565586e+01
-1.339021498346573757e+01
-1.339021498346588857e+01
-1.339021498346612304e+01
-1.339021498353873341e+01
-1.339021498353590722e+01
-1.339021498346745886e+01
-1.339021498346817651e+01
-1.339021498346905936e+01
