    -17.42843168
    -17.25485083
    -17.08125001
    -16.90762894
    -16.73398740
    -16.56032501
    -16.38664154
    -16.21293677
    -16.03921034
    -15.86546194
    -15.69169113
    -15.51789784
    -15.34408162
    -15.17024200
    -14.99637902
    -14.82249180
    -14.64858024
    -14.47464423
    -14.30068285
    -14.12669623
    -13.95268344
    -13.77864432
    -13.60457871
    -13.43048563
    -13.25636488
    -13.08221626
    -12.90803903
    -12.73383215
    -12.55959617
    -12.38533001
    -12.21103262
    -12.03670447
    -11.86234446
    -11.68795146
    -11.51352589
    -11.33906657
    -11.16457234
    -10.99004353
    -10.81547890
    -10.64087773
    -10.46623871
    -10.29156211
    -10.11684656
     -9.94209070
     -9.76729468
     -9.59245705
     -9.41757633
     -9.24265256
     -9.06768419
     -8.89266961
     -8.71760874
     -8.54249987
     -8.36734179
     -8.19213321
     -8.01687175
     -7.84155810
     -7.66618976
     -7.49076519
     -7.31528279
     -7.13974089
     -6.96413667
     -6.78847039
     -6.61273905
     -6.43694061
     -6.26107293
     -6.08513375
     -5.90912069
     -5.73303021
     -5.55686175
     -5.38061149
     -5.20427650
     -5.02785367
     -4.85133973
     -4.67473017
     -4.49802345
     -4.32121469
     -4.14429982
     -3.96727457
     -3.79013448
     -3.61287482
     -3.43548963
     -3.25797592
     -3.08032735
     -2.90253854
     -2.72460402
     -2.54651841
     -2.36827546
     -2.18987256
     -2.01130468
     -1.83256913
     -1.65366513
     -1.47459491
     -1.29536405
     -1.11598792
     -0.93648845
     -0.75690312
     -0.57729083
     -0.39774239
     -0.21839610
     -0.03945953
