      0.00000846
      0.00000839
      0.00000831
      0.00000825
      0.00000818
      0.00000812
      0.00000806
      0.00000800
      0.00000794
      0.00000789
      0.00000784
      0.00000779
      0.00000774
      0.00000769
      0.00000765
      0.00000760
      0.00000756
      0.00000752
      0.00000748
      0.00000744
      0.00000740
      0.00000736
      0.00000733
      0.00000729
      0.00000726
      0.00000723
      0.00000719
      0.00000716
      0.00000713
      0.00000710
      0.00000707
      0.00000704
      0.00000701
      0.00000699
      0.00000696
      0.00000693
      0.00000691
      0.00000688
      0.00000686
      0.00000683
      0.00000681
      0.00000678
      0.00000676
      0.00000674
      0.00000671
      0.00000669
      0.00000667
      0.00000665
      0.00000663
      0.00000661
