      0.00000004
      0.00000179
      0.00001203
      0.00004032
      0.00009498
      0.00018149
      0.00030246
      0.00045817
      0.00064726
      0.00086726
      0.00111507
      0.00138723
      0.00168022
      0.00199054
      0.00231486
      0.00265005
      0.00299323
      0.00334178
      0.00369333
      0.00404577
      0.00439724
      0.00474607
      0.00509084
      0.00543030
      0.00576338
      0.00608917
      0.00640690
      0.00671592
      0.00701571
      0.00730585
      0.00758601
      0.00785592
      0.00811542
      0.00836437
      0.00860272
      0.00883044
      0.00904756
      0.00925413
      0.00945026
      0.00963604
      0.00981163
      0.00997717
      0.01013284
      0.01027882
      0.01041530
      0.01054249
      0.01066060
      0.01076984
      0.01087042
      0.01096256
      0.01104648
      0.01112239
      0.01119052
      0.01125107
      0.01130426
      0.01135030
      0.01138938
      0.01142172
      0.01144750
      0.01146692
      0.01148017
      0.01148742
      0.01148886
      0.01148466
      0.01147499
      0.01146001
      0.01143988
      0.01141474
      0.01138476
      0.01135007
      0.01131080
      0.01126711
      0.01121910
      0.01116691
      0.01111066
      0.01105046
      0.01098643
      0.01091866
      0.01084727
      0.01077236
      0.01069401
      0.01061233
      0.01052739
      0.01043929
      0.01034811
      0.01025392
      0.01015680
      0.01005681
      0.00995404
      0.00984855
      0.00974039
      0.00962963
      0.00951633
      0.00940054
      0.00928232
      0.00916171
      0.00903877
      0.00891354
      0.00878606
      0.00865638
      0.00852453
      0.00839056
      0.00825451
      0.00811639
      0.00797626
      0.00783413
      0.00769004
      0.00754401
      0.00739608
      0.00724626
      0.00709458
      0.00694107
      0.00678573
      0.00662860
      0.00646968
      0.00630900
      0.00614657
      0.00598241
      0.00581652
      0.00564892
