      0.08020659
      0.08052507
      0.08085338
      0.08119185
      0.08154080
      0.08190058
      0.08227156
      0.08265411
      0.08304862
      0.08345550
      0.08387518
      0.08430810
      0.08475473
      0.08521555
      0.08569107
      0.08618182
      0.08668836
      0.08721125
      0.08775112
      0.08830859
      0.08888434
      0.08947905
      0.09009346
      0.09072834
      0.09138450
      0.09206277
      0.09276405
      0.09348928
      0.09423944
      0.09501556
      0.09581874
      0.09665017
      0.09751097
      0.09840246
      0.09932601
      0.10028302
      0.10127503
      0.10230362
      0.10337049
      0.10447742
      0.10562632
      0.10681920
      0.10805821
      0.10934563
      0.11068388
      0.11207553
      0.11352334
      0.11503025
      0.11659938
      0.11823409
      0.11993795
      0.12171482
      0.12356880
      0.12550431
      0.12752612
      0.12963930
      0.13184938
      0.13416228
      0.13658443
      0.13912274
      0.14178478
      0.14457862
      0.14751313
      0.15059794
      0.15384354
      0.15726137
      0.16086394
      0.16466498
      0.16867950
      0.17292404
      0.17741681
      0.18217794
      0.18722966
      0.19259665
      0.19830628
      0.20438912
      0.21087925
      0.21781485
      0.22523878
      0.23319927
      0.24175079
      0.25095488
      0.26088150
      0.27161019
      0.28323174
      0.29584998
      0.30958397
      0.32457002
      0.34096500
      0.35894862
      0.37872624
      0.40053062
      0.42462172
      0.45128076
      0.48079540
      0.51342082
      0.54929429
      0.58824603
      0.62937485
      0.67005703
