     -0.00002095
     -0.00001912
     -0.00001732
     -0.00001556
     -0.00001383
     -0.00001214
     -0.00001048
     -0.00000886
     -0.00000728
     -0.00000574
     -0.00000423
     -0.00000276
     -0.00000133
      0.00000006
      0.00000141
      0.00000272
      0.00000398
      0.00000521
      0.00000640
      0.00000754
      0.00000864
      0.00000969
      0.00001070
      0.00001167
      0.00001259
      0.00001347
      0.00001430
      0.00001508
      0.00001581
      0.00001650
      0.00001714
      0.00001772
      0.00001826
      0.00001874
      0.00001918
      0.00001956
      0.00001989
      0.00002016
      0.00002038
      0.00002054
      0.00002065
      0.00002070
      0.00002069
      0.00002063
      0.00002050
      0.00002032
      0.00002007
      0.00001976
      0.00001939
      0.00001895
      0.00001845
      0.00001789
      0.00001726
      0.00001657
      0.00001583
      0.00001504
      0.00001423
