    -38.65907856
    -18.99038766
    -12.43383359
     -9.15531755
     -7.18802049
     -5.87633527
     -4.93928855
     -4.23639359
     -3.68960151
     -3.25208327
     -2.89403823
     -2.59559986
     -2.34301369
     -2.12645510
     -1.93871986
     -1.77440381
     -1.62937507
     -1.50041984
     -1.38500035
     -1.28108702
     -1.18703622
     -1.10150358
     -1.02337847
     -0.95173503
     -0.88579584
     -0.82490307
     -0.76849613
     -0.71609447
     -0.66728426
     -0.62170638
     -0.57904810
     -0.53903607
     -0.50142981
     -0.46601708
     -0.43261019
     -0.40104204
     -0.37116358
     -0.34284170
     -0.31595671
     -0.29040095
     -0.26607720
     -0.24289769
     -0.22078265
     -0.19965951
     -0.17946238
     -0.16013088
     -0.14160981
     -0.12384871
     -0.10680106
     -0.09042411
     -0.07467857
     -0.05952804
     -0.04493892
     -0.03088009
     -0.01732261
     -0.00423985
      0.00839318
      0.02059969
      0.03240130
      0.04381818
      0.05486928
      0.06557209
      0.07594322
      0.08599815
      0.09575142
      0.10521670
      0.11440683
      0.12333395
      0.13200934
      0.14044379
      0.14864744
      0.15662985
      0.16440008
      0.17196673
      0.17933782
      0.18652105
      0.19352371
      0.20035271
      0.20701461
      0.21351562
      0.21986171
      0.22605844
      0.23211120
      0.23802511
      0.24380502
      0.24945559
      0.25498127
      0.26038621
      0.26567450
      0.27084999
      0.27591636
      0.28087716
      0.28573577
      0.29049538
      0.29515912
      0.29972994
      0.30421071
      0.30860415
      0.31291289
      0.31713945
      0.32128622
      0.32535553
      0.32934962
      0.33327063
      0.33712064
      0.34090162
      0.34461550
      0.34826411
      0.35184927
      0.35537261
      0.35883581
      0.36224048
      0.36558814
      0.36888028
      0.37211832
      0.37530365
      0.37843760
      0.38152145
      0.38455646
      0.38754382
