    -27.26047586
    -25.34473369
    -23.70379997
    -22.27975097
    -21.03018801
    -19.92330538
    -18.93474212
    -18.04550016
    -17.24052894
    -16.50773881
    -15.83729848
    -15.22112480
    -14.65250604
    -14.12581920
    -13.63631595
    -13.17995351
    -12.75327108
    -12.35328461
    -11.97740701
    -11.62338330
    -11.28923837
    -10.97323416
    -10.67383473
    -10.38967775
    -10.11954790
     -9.86236235
     -9.61714635
     -9.38302663
     -9.15921184
     -8.94498936
     -8.73970949
     -8.54278455
     -8.35367580
     -8.17189376
     -7.99698763
     -7.82854633
     -7.66618946
     -7.50956904
     -7.35836223
     -7.21227065
     -7.07101964
     -6.93435235
     -6.80203260
     -6.67383823
     -6.54956459
     -6.42901888
     -6.31202284
     -6.19840806
     -6.08801857
     -5.98070655
     -5.87633488
     -5.77477325
     -5.67590059
     -5.57960186
     -5.48576870
     -5.39429959
     -5.30509901
     -5.21807477
     -5.13314165
     -5.05021832
     -4.96922836
     -4.89009757
     -4.81275728
     -4.73714176
     -4.66318908
     -4.59083874
     -4.52003481
     -4.45072349
     -4.38285405
     -4.31637661
     -4.25124511
     -4.18741555
     -4.12484451
     -4.06349189
     -4.00331891
     -3.94428888
     -3.88636542
     -3.82951495
     -3.77370491
     -3.71890445
     -3.66508282
     -3.61221168
     -3.56026344
     -3.50921201
     -3.45903116
     -3.40969681
     -3.36118579
     -3.31347476
     -3.26654229
     -3.22036743
     -3.17493030
     -3.13021078
     -3.08619045
     -3.04285122
     -3.00017596
     -2.95814721
     -2.91674904
     -2.87596576
     -2.83578252
     -2.79618407
     -2.75715657
     -2.71868633
     -2.68076040
     -2.64336542
     -2.60648927
     -2.57012025
     -2.53424618
     -2.49885611
     -2.46393914
     -2.42948496
     -2.39548282
     -2.36192306
     -2.32879606
     -2.29609271
     -2.26380347
     -2.23192003
     -2.20043338
     -2.16933546
     -2.13861823
     -2.10827385
     -2.07829473
     -2.04867348
     -2.01940335
     -1.99047649
     -1.96188653
     -1.93362688
     -1.90569109
     -1.87807293
     -1.85076628
     -1.82376523
     -1.79706439
     -1.77065735
     -1.74453902
     -1.71870407
     -1.69314730
     -1.66786363
     -1.64284813
     -1.61809633
     -1.59360280
     -1.56936333
     -1.54537345
     -1.52162879
     -1.49812509
     -1.47485819
     -1.45182410
     -1.42901909
     -1.40643865
     -1.38407936
     -1.36193753
     -1.34000953
     -1.31829186
     -1.29678103
     -1.27547408
     -1.25436703
     -1.23345700
     -1.21274083
     -1.19221546
     -1.17187787
     -1.15172512
     -1.13175433
     -1.11196299
     -1.09234774
     -1.07290619
     -1.05363568
     -1.03453364
     -1.01559757
     -0.99682494
     -0.97821362
     -0.95976069
     -0.94146408
     -0.92332152
     -0.90533077
     -0.88748965
     -0.86979601
     -0.85224774
     -0.83484304
     -0.81757937
     -0.80045501
     -0.78346802
     -0.76661649
     -0.74989855
     -0.73331237
     -0.71685639
     -0.70052824
     -0.68432666
     -0.66824985
     -0.65229613
     -0.63646387
     -0.62075146
     -0.60515733
     -0.58968017
