      2.10360825
      2.10360825
      2.10360825
      2.10360825
      2.10360825
      2.10360825
      2.10360825
      2.10360825
      2.10360825
      2.10360825
      2.10360841
      2.10360825
      2.10360825
      2.10360825
      2.10360824
      2.10360825
      2.10360825
      2.10360825
      2.10360825
      2.10360824
      2.10360824
      2.10360824
      2.10360824
      2.10360824
      2.10360824
      2.10360824
      2.10360824
      2.10360825
      2.10360825
      2.10360825
      2.10360825
      2.10360825
      2.10360825
      2.10360825
      2.10360825
      2.10360825
      2.10360825
      2.10360825
      2.10360825
      2.10360825
      2.10360825
      2.10360824
      2.10360825
      2.10360825
      2.10360825
      2.10360825
      2.10360825
      2.10360825
      2.10360825
      2.10360825
      2.10360825
      2.10360825
      2.10360825
      2.10360825
      2.10360825
      2.10360825
      2.10360825
      2.10360825
      2.10360825
      2.10360825
      2.10360825
      2.10360825
      2.10360825
      2.10360825
      2.10360825
      2.10360825
      2.10360825
      2.10360825
      2.10360825
      2.10360825
      2.10360825
      2.10360825
      2.10360825
      2.10360825
      2.10360825
      2.10360825
      2.10360825
      2.10360825
      2.10360825
      2.10360825
      2.10360825
      2.10360825
      2.10360825
      2.10360825
      2.10360825
      2.10360827
      2.10360827
      2.10360827
      2.10360827
      2.10360827
      2.10360827
      2.10360827
      2.10360827
      2.10360827
      2.10360827
      2.10360827
      2.10360827
      2.10360827
      2.10360827
      2.10360827
      2.10360827
      2.10360827
      2.10360820
      2.10360820
      2.10360808
      2.10360807
      2.10360825
      2.10360825
      2.10360825
      2.10360825
      2.10360825
      2.10360825
      2.10360824
      2.10360824
      2.10360824
      2.10360825
      2.10360824
      2.10360824
      2.10360824
