      0.31848903
      0.31807360
      0.31647592
      0.31386432
      0.31037937
      0.30613939
      0.30124450
      0.29578011
      0.28981939
      0.28342534
      0.27665245
      0.26954802
      0.26215358
      0.25450529
      0.24663510
      0.23857113
      0.23033828
      0.22195871
      0.21345214
      0.20483614
      0.19612648
      0.18733733
      0.17848140
      0.16957012
      0.16061393
      0.15162209
      0.14260319
      0.13356496
      0.12451439
      0.11545785
      0.10640124
      0.09734986
      0.08830859
      0.07928191
      0.07027388
      0.06128835
      0.05232875
      0.04339827
      0.03449983
      0.02563616
      0.01680970
      0.00802286
     -0.00072228
     -0.00942373
     -0.01807967
     -0.02668840
     -0.03524834
     -0.04375811
     -0.05221614
     -0.06062144
