     -0.00013959
     -0.00010673
     -0.00006641
     -0.00003443
     -0.00001227
      0.00000205
      0.00001079
      0.00001576
      0.00001826
      0.00001917
      0.00001909
      0.00001842
      0.00001740
      0.00001621
      0.00001496
      0.00001371
      0.00001251
      0.00001137
      0.00001031
      0.00000934
      0.00000845
      0.00000763
      0.00000690
      0.00000623
      0.00000564
      0.00000510
      0.00000461
      0.00000417
      0.00000378
      0.00000343
      0.00000311
      0.00000282
      0.00000257
      0.00000233
      0.00000212
      0.00000193
      0.00000176
      0.00000161
      0.00000147
      0.00000134
      0.00000122
      0.00000112
      0.00000102
      0.00000093
      0.00000085
      0.00000078
      0.00000071
      0.00000065
      0.00000059
      0.00000054
      0.00000049
      0.00000044
      0.00000040
      0.00000036
      0.00000033
      0.00000029
      0.00000026
      0.00000024
      0.00000021
      0.00000019
      0.00000017
      0.00000015
