      0.02198914
      0.02927624
      0.03658490
      0.04391461
      0.05126487
      0.05863522
      0.06602519
      0.07343436
      0.08086230
      0.08830859
      0.09577287
      0.10325476
      0.11075388
      0.11826991
      0.12580249
      0.13335131
      0.14091606
      0.14849643
      0.15609214
      0.16370291
      0.17132846
      0.17896853
      0.18662288
      0.19429127
      0.20197345
      0.20966920
      0.21737830
      0.22510054
      0.23283571
      0.24058362
      0.24834405
      0.25611686
      0.26390182
      0.27169880
      0.27950758
      0.28732806
      0.29516001
      0.30300334
      0.31085795
      0.31872347
      0.32659992
      0.33448722
      0.34238517
      0.35029356
      0.35821237
      0.36614146
      0.37408072
      0.38203000
      0.38998923
      0.39795826
      0.40593703
      0.41392538
      0.42192327
      0.42993055
      0.43794718
      0.44597301
      0.45400802
      0.46205205
      0.47010508
      0.47816696
      0.48623766
      0.49431712
      0.50240523
      0.51050192
      0.51860712
      0.52672075
      0.53484275
      0.54297300
      0.55111155
      0.55925828
      0.56741312
      0.57557597
      0.58374686
      0.59192570
      0.60011242
      0.60830690
      0.61650922
      0.62471926
      0.63293692
      0.64116226
      0.64939517
      0.65763562
      0.66588347
      0.67413882
      0.68240156
      0.69067166
      0.69894900
      0.70723367
      0.71552557
      0.72382465
      0.73213082
      0.74044416
      0.74876459
      0.75709198
      0.76542645
      0.77376788
      0.78211625
      0.79047146
      0.79883360
      0.80720259
      0.81557839
      0.82396090
      0.83235023
      0.84074628
      0.84914902
      0.85755837
      0.86597443
      0.87439709
      0.88282635
      0.89126210
      0.89970446
      0.90815333
      0.91660863
      0.92507045
      0.93353873
      0.94201342
      0.95049446
      0.95898194
      0.96747577
      0.97597595
      0.98448242
      0.99299522
      1.00151422
      1.01003956
      1.01857114
      1.02710894
      1.03565295
      1.04420315
      1.05275952
      1.06132191
      1.06989058
      1.07846537
      1.08704627
      1.09563326
      1.10422633
      1.11282546
      1.12143064
      1.13004172
      1.13865896
      1.14728220
      1.15591143
      1.16454665
      1.17318783
      1.18183497
      1.19048792
      1.19914693
      1.20781186
      1.21648269
