      0.00001182
      0.00000989
      0.00000970
      0.00001012
      0.00001085
      0.00001177
      0.00001283
      0.00001400
      0.00001526
      0.00001659
      0.00001799
      0.00001944
      0.00002093
      0.00002245
      0.00002399
      0.00002555
      0.00002712
      0.00002868
      0.00003023
      0.00003177
      0.00003327
      0.00003473
      0.00003615
      0.00003751
      0.00003881
      0.00004003
      0.00004117
      0.00004222
      0.00004316
      0.00004399
      0.00004470
      0.00004529
      0.00004573
      0.00004602
      0.00004615
      0.00004611
      0.00004589
      0.00004549
      0.00004488
      0.00004406
      0.00004303
      0.00004176
      0.00004025
      0.00003849
      0.00003647
      0.00003418
      0.00003160
      0.00002873
      0.00002556
      0.00002207
      0.00001826
      0.00001411
      0.00000961
      0.00000475
     -0.00000048
     -0.00000610
     -0.00001210
     -0.00001852
     -0.00002535
     -0.00003260
     -0.00004030
     -0.00004845
     -0.00005707
     -0.00006616
     -0.00007575
     -0.00008583
     -0.00009643
     -0.00010755
     -0.00011921
     -0.00013143
     -0.00014420
     -0.00015756
     -0.00017151
     -0.00018606
     -0.00020123
     -0.00021703
     -0.00023347
     -0.00025057
     -0.00026834
     -0.00028680
     -0.00030596
     -0.00032584
     -0.00034644
     -0.00036778
     -0.00038988
     -0.00041275
     -0.00043641
     -0.00046088
     -0.00048616
     -0.00051227
     -0.00053923
     -0.00056705
     -0.00059575
     -0.00062535
     -0.00065585
     -0.00068729
     -0.00071967
     -0.00075301
     -0.00078732
     -0.00082263
     -0.00085895
     -0.00089629
     -0.00093468
     -0.00097414
     -0.00101467
     -0.00105630
     -0.00109904
     -0.00114292
     -0.00118796
     -0.00123416
     -0.00128155
     -0.00133015
     -0.00137998
     -0.00143105
     -0.00148339
     -0.00153702
     -0.00159195
     -0.00164821
     -0.00170581
     -0.00176478
     -0.00182513
     -0.00188690
     -0.00195009
     -0.00201473
     -0.00208084
     -0.00214844
     -0.00221756
     -0.00228822
     -0.00236043
     -0.00243423
     -0.00250963
     -0.00258665
     -0.00266533
     -0.00274568
     -0.00282773
     -0.00291149
     -0.00299701
     -0.00308428
     -0.00317336
     -0.00326425
     -0.00335699
     -0.00345159
     -0.00354809
     -0.00364650
     -0.00374686
     -0.00384920
     -0.00395352
     -0.00405988
     -0.00416828
     -0.00427876
     -0.00439135
     -0.00450607
     -0.00462295
     -0.00474202
     -0.00486330
     -0.00498683
     -0.00511263
     -0.00524074
     -0.00537118
     -0.00550398
     -0.00563916
     -0.00577677
     -0.00591683
     -0.00605938
     -0.00620443
     -0.00635203
     -0.00650220
     -0.00665497
     -0.00681039
     -0.00696847
     -0.00712925
     -0.00729276
     -0.00745904
     -0.00762812
     -0.00780002
     -0.00797479
     -0.00815246
     -0.00833306
     -0.00851662
     -0.00870318
     -0.00889277
     -0.00908543
     -0.00928118
     -0.00948008
     -0.00968214
     -0.00988741
     -0.01009592
     -0.01030770
     -0.01052279
     -0.01074123
     -0.01096305
