     -0.00000451
     -0.00000453
     -0.00000451
     -0.00000445
     -0.00000434
     -0.00000419
     -0.00000397
     -0.00000369
     -0.00000335
     -0.00000292
     -0.00000241
     -0.00000182
     -0.00000112
     -0.00000032
      0.00000059
      0.00000163
      0.00000279
      0.00000409
      0.00000553
      0.00000712
      0.00000888
      0.00001081
      0.00001291
      0.00001520
      0.00001768
      0.00002037
      0.00002327
      0.00002639
      0.00002975
      0.00003334
      0.00003718
      0.00004129
      0.00004566
      0.00005031
      0.00005524
      0.00006047
      0.00006601
      0.00007187
      0.00007805
      0.00008457
      0.00009144
      0.00009867
      0.00010626
      0.00011423
      0.00012259
      0.00013134
      0.00014051
      0.00015010
      0.00016012
      0.00017058
      0.00018149
      0.00019287
      0.00020473
      0.00021707
      0.00022991
      0.00024326
      0.00025714
      0.00027154
      0.00028650
      0.00030201
      0.00031809
      0.00033475
      0.00035201
      0.00036988
      0.00038836
      0.00040748
      0.00042724
      0.00044766
      0.00046876
      0.00049053
      0.00051301
      0.00053620
      0.00056011
      0.00058476
      0.00061016
      0.00063633
      0.00066328
      0.00069103
      0.00071958
      0.00074896
      0.00077918
      0.00081026
      0.00084220
      0.00087502
      0.00090875
      0.00094339
      0.00097896
      0.00101548
      0.00105296
      0.00109142
      0.00113088
      0.00117134
      0.00121284
      0.00125538
      0.00129898
      0.00134366
      0.00138943
      0.00143633
      0.00148435
      0.00153352
      0.00158386
      0.00163539
      0.00168812
      0.00174208
      0.00179727
      0.00185373
      0.00191147
      0.00197051
      0.00203087
      0.00209257
      0.00215563
      0.00222006
      0.00228590
      0.00235316
      0.00242187
      0.00249203
      0.00256369
      0.00263684
      0.00271153
      0.00278777
      0.00286558
      0.00294498
      0.00302601
      0.00310867
      0.00319300
      0.00327902
      0.00336675
      0.00345622
      0.00354744
      0.00364045
      0.00373527
      0.00383193
      0.00393044
      0.00403084
      0.00413316
      0.00423741
      0.00434362
      0.00445182
      0.00456204
      0.00467431
      0.00478865
      0.00490509
      0.00502365
      0.00514437
      0.00526728
      0.00539240
      0.00551976
      0.00564940
      0.00578134
      0.00591561
      0.00605225
      0.00619127
      0.00633272
      0.00647663
      0.00662303
      0.00677194
      0.00692341
      0.00707746
      0.00723413
      0.00739344
      0.00755544
      0.00772016
      0.00788763
      0.00805789
      0.00823096
      0.00840690
      0.00858572
      0.00876747
      0.00895218
      0.00913989
      0.00933064
      0.00952446
      0.00972139
      0.00992147
      0.01012473
      0.01033122
      0.01054097
      0.01075402
      0.01097041
      0.01119018
      0.01141337
      0.01164003
      0.01187017
      0.01210387
      0.01234115
      0.01258204
      0.01282661
      0.01307488
      0.01332690
      0.01358271
      0.01384236
