      2.10360825
      2.10360825
      2.10360825
      2.10360825
      2.10360825
      2.10360825
      2.10360825
      2.10360825
      2.10360824
      2.10360824
      2.10360824
      2.10360825
      2.10360825
      2.10360825
      2.10360825
      2.10360825
      2.10360825
      2.10360825
      2.10360825
      2.10360825
      2.10360824
      2.10360824
      2.10360824
      2.10360824
      2.10360824
      2.10360824
      2.10360824
      2.10360824
      2.10360824
      2.10360824
      2.10360824
      2.10360824
      2.10360824
      2.10360824
      2.10360825
      2.10360825
      2.10360825
      2.10360825
      2.10360827
      2.10360825
      2.10360825
      2.10360825
      2.10360825
      2.10360825
      2.10360825
      2.10360825
      2.10360825
      2.10360825
      2.10360825
      2.10360825
      2.10360825
      2.10360823
      2.10360825
      2.10360825
      2.10360825
      2.10360825
      2.10360825
      2.10360824
      2.10360825
      2.10360825
      2.10360825
      2.10360825
      2.10360825
      2.10360825
      2.10360825
      2.10360825
