     -0.00715620
     -0.00329111
     -0.00034486
      0.00177043
      0.00319645
      0.00409869
      0.00462356
      0.00488511
      0.00496706
      0.00492902
      0.00481279
      0.00464746
      0.00445309
      0.00424345
      0.00402793
      0.00381282
      0.00360225
      0.00339888
      0.00320431
      0.00301943
      0.00284461
      0.00267992
      0.00252516
      0.00238001
      0.00224405
      0.00211682
      0.00199782
      0.00188654
      0.00178250
      0.00168522
      0.00159423
      0.00150911
      0.00142944
      0.00135484
      0.00128496
      0.00121945
      0.00115802
      0.00110036
      0.00104622
      0.00099535
      0.00094752
      0.00090251
      0.00086015
      0.00082024
      0.00078262
      0.00074713
      0.00071364
      0.00068201
      0.00065212
      0.00062385
      0.00059711
      0.00057179
      0.00054780
      0.00052507
      0.00050351
      0.00048305
      0.00046363
      0.00044518
      0.00042765
      0.00041097
      0.00039511
      0.00038001
      0.00036562
      0.00035192
      0.00033886
      0.00032640
      0.00031451
      0.00030317
      0.00029233
      0.00028197
      0.00027208
      0.00026262
      0.00025356
      0.00024490
      0.00023660
      0.00022866
      0.00022105
      0.00021375
      0.00020676
      0.00020005
      0.00019361
      0.00018743
      0.00018149
      0.00017579
      0.00017031
      0.00016505
      0.00015999
      0.00015512
      0.00015043
      0.00014593
      0.00014159
      0.00013741
      0.00013338
      0.00012950
      0.00012576
      0.00012216
      0.00011868
      0.00011533
      0.00011210
      0.00010897
      0.00010596
      0.00010305
      0.00010024
      0.00009752
      0.00009490
      0.00009236
      0.00008991
      0.00008754
      0.00008525
      0.00008303
      0.00008088
      0.00007880
      0.00007679
      0.00007484
      0.00007295
      0.00007113
      0.00006936
      0.00006764
      0.00006598
      0.00006436
      0.00006280
      0.00006128
      0.00005981
      0.00005838
      0.00005700
      0.00005565
      0.00005435
      0.00005308
      0.00005185
      0.00005065
      0.00004949
      0.00004836
      0.00004727
      0.00004620
      0.00004516
      0.00004416
      0.00004318
      0.00004223
      0.00004130
      0.00004040
      0.00003952
      0.00003867
      0.00003784
      0.00003703
      0.00003624
      0.00003547
      0.00003473
      0.00003400
      0.00003329
      0.00003260
      0.00003193
      0.00003127
      0.00003063
      0.00003001
      0.00002940
      0.00002881
      0.00002823
      0.00002767
      0.00002712
      0.00002659
      0.00002606
      0.00002555
      0.00002506
      0.00002457
      0.00002410
      0.00002363
      0.00002318
      0.00002274
      0.00002231
      0.00002189
      0.00002148
      0.00002108
      0.00002068
      0.00002030
      0.00001993
      0.00001956
      0.00001920
      0.00001885
      0.00001851
      0.00001818
      0.00001785
      0.00001753
      0.00001722
      0.00001691
      0.00001661
      0.00001632
      0.00001603
      0.00001575
      0.00001548
      0.00001521
      0.00001495
      0.00001469
      0.00001444
      0.00001419
      0.00001395
      0.00001372
      0.00001349
      0.00001326
      0.00001304
      0.00001282
      0.00001261
      0.00001240
      0.00001220
      0.00001200
      0.00001180
      0.00001161
      0.00001142
      0.00001123
      0.00001105
      0.00001088
      0.00001070
      0.00001053
      0.00001037
      0.00001020
      0.00001004
      0.00000988
      0.00000973
      0.00000958
      0.00000943
      0.00000928
      0.00000914
      0.00000900
      0.00000886
      0.00000873
      0.00000859
      0.00000846
      0.00000834
      0.00000821
      0.00000809
      0.00000797
      0.00000785
      0.00000773
      0.00000762
