    -13.97474565
    -13.97776117
    -13.98084272
    -13.98399293
    -13.98721460
    -13.99051063
    -13.99388416
    -13.99733850
    -14.00087715
    -14.00450386
    -14.00822263
    -14.01203767
    -14.01595353
    -14.01997507
    -14.02410747
    -14.02835632
    -14.03272756
    -14.03722764
    -14.04186348
    -14.04664257
    -14.05157298
    -14.05666351
    -14.06192360
    -14.06736361
    -14.07299482
    -14.07882954
    -14.08488126
    -14.09116479
    -14.09769652
    -14.10449435
    -14.11157830
    -14.11897057
    -14.12669592
    -14.13478208
    -14.14326026
    -14.15216559
    -14.16153803
    -14.17142315
    -14.18187316
    -14.19294830
    -14.20471851
    -14.21726564
    -14.23068592
    -14.24509400
    -14.26062744
    -14.27745312
    -14.29577610
    -14.31585185
    -14.33800326
    -14.36264692
    -14.39033124
    -14.42179695
    -14.45807590
    -14.50066109
    -14.55181717
    -14.61520274
    -14.69725073
