      0.00000700
      0.00000700
      0.00000700
      0.00000700
      0.00000700
      0.00000701
      0.00000701
      0.00000701
      0.00000701
      0.00000701
      0.00000702
      0.00000702
      0.00000702
      0.00000702
      0.00000702
      0.00000703
      0.00000703
      0.00000703
      0.00000703
      0.00000703
      0.00000703
      0.00000704
      0.00000704
      0.00000704
      0.00000704
      0.00000704
      0.00000705
      0.00000705
      0.00000705
      0.00000705
      0.00000705
      0.00000706
      0.00000706
      0.00000706
      0.00000706
      0.00000706
      0.00000707
      0.00000707
      0.00000707
      0.00000707
      0.00000707
      0.00000707
      0.00000708
      0.00000708
      0.00000708
      0.00000708
      0.00000708
      0.00000709
      0.00000709
      0.00000709
      0.00000709
      0.00000709
      0.00000710
      0.00000710
      0.00000710
      0.00000710
      0.00000710
      0.00000711
      0.00000711
      0.00000711
      0.00000711
      0.00000711
      0.00000711
      0.00000712
      0.00000712
      0.00000712
      0.00000712
      0.00000712
      0.00000713
      0.00000713
      0.00000713
      0.00000713
      0.00000713
      0.00000714
      0.00000714
      0.00000714
      0.00000714
      0.00000714
      0.00000715
      0.00000715
      0.00000715
      0.00000715
      0.00000715
      0.00000715
      0.00000716
      0.00000716
      0.00000716
      0.00000716
      0.00000716
      0.00000717
      0.00000717
      0.00000717
      0.00000717
      0.00000717
      0.00000718
      0.00000718
      0.00000718
      0.00000718
      0.00000718
      0.00000718
      0.00000719
      0.00000719
      0.00000719
      0.00000719
      0.00000719
      0.00000720
      0.00000720
      0.00000720
      0.00000720
      0.00000720
      0.00000721
      0.00000721
      0.00000721
      0.00000721
      0.00000721
      0.00000721
      0.00000722
      0.00000722
      0.00000722
      0.00000722
      0.00000722
      0.00000723
      0.00000723
      0.00000723
      0.00000723
      0.00000723
      0.00000724
      0.00000724
      0.00000724
      0.00000724
      0.00000724
      0.00000724
      0.00000725
      0.00000725
      0.00000725
      0.00000725
      0.00000725
      0.00000726
      0.00000726
      0.00000726
      0.00000726
      0.00000726
      0.00000727
      0.00000727
      0.00000727
      0.00000727
      0.00000727
      0.00000727
