     -0.10404401
     -0.09599101
     -0.07565663
     -0.05034575
     -0.02304978
      0.00492368
      0.03297389
      0.06081512
      0.08830857
      0.11538655
      0.14201642
      0.16818316
      0.19388051
      0.21910637
      0.24386067
      0.26814395
      0.29195682
      0.31529982
      0.33817301
      0.36057623
      0.38250886
      0.40396995
      0.42495831
      0.44547241
      0.46551047
      0.48507055
      0.50415057
      0.52274809
      0.54086073
      0.55848594
      0.57562092
      0.59226294
      0.60840916
      0.62405649
      0.63920195
      0.65384246
      0.66797476
      0.68159565
      0.69470184
      0.70729003
      0.71935674
      0.73089857
      0.74191206
      0.75239362
      0.76233971
      0.77174674
      0.78061100
      0.78892882
      0.79669650
      0.80391023
      0.81056620
      0.81666059
      0.82218950
      0.82714904
      0.83153521
      0.83534403
      0.83857148
      0.84121349
      0.84326594
      0.84472474
      0.84558564
      0.84584445
