      0.00234165
      0.00209879
      0.00188712
      0.00170184
      0.00153901
      0.00139537
      0.00126820
      0.00115526
      0.00105464
      0.00096474
      0.00088419
      0.00081184
      0.00074668
      0.00068787
      0.00063468
      0.00058646
      0.00054266
      0.00050280
      0.00046646
      0.00043328
      0.00040292
      0.00037510
      0.00034958
      0.00032612
      0.00030453
      0.00028463
      0.00026627
      0.00024931
      0.00023362
      0.00021909
      0.00020562
      0.00019311
      0.00018149
      0.00017068
      0.00016062
      0.00015125
      0.00014250
      0.00013434
      0.00012671
      0.00011957
      0.00011289
      0.00010664
      0.00010078
      0.00009528
      0.00009011
      0.00008526
      0.00008070
      0.00007641
      0.00007237
      0.00006857
