      0.00000468
      0.00000479
      0.00000488
      0.00000498
      0.00000506
      0.00000515
      0.00000523
      0.00000530
      0.00000537
      0.00000544
      0.00000550
      0.00000556
      0.00000562
      0.00000568
      0.00000573
      0.00000579
      0.00000584
      0.00000589
      0.00000594
      0.00000598
      0.00000603
      0.00000607
      0.00000612
      0.00000616
      0.00000620
      0.00000624
      0.00000628
      0.00000632
      0.00000635
      0.00000639
      0.00000643
      0.00000646
      0.00000650
      0.00000653
      0.00000656
      0.00000659
      0.00000663
      0.00000666
      0.00000669
      0.00000672
      0.00000675
      0.00000677
      0.00000680
      0.00000683
      0.00000686
      0.00000689
      0.00000691
      0.00000694
      0.00000696
      0.00000699
      0.00000701
      0.00000704
      0.00000706
      0.00000709
      0.00000711
      0.00000713
      0.00000716
      0.00000718
      0.00000720
      0.00000722
      0.00000725
      0.00000727
      0.00000729
      0.00000731
      0.00000733
      0.00000735
      0.00000737
      0.00000739
      0.00000741
      0.00000743
      0.00000745
      0.00000747
      0.00000749
      0.00000751
      0.00000752
      0.00000754
      0.00000756
      0.00000758
      0.00000760
      0.00000761
      0.00000763
      0.00000765
      0.00000767
      0.00000768
      0.00000770
      0.00000772
      0.00000773
      0.00000775
      0.00000776
      0.00000778
      0.00000780
      0.00000781
      0.00000783
      0.00000784
      0.00000786
      0.00000787
      0.00000789
      0.00000790
      0.00000792
      0.00000793
      0.00000795
      0.00000796
      0.00000798
      0.00000799
      0.00000800
      0.00000802
      0.00000803
      0.00000805
      0.00000806
      0.00000807
      0.00000809
      0.00000810
      0.00000811
      0.00000813
      0.00000814
      0.00000815
      0.00000816
      0.00000818
      0.00000819
      0.00000820
      0.00000822
      0.00000823
      0.00000824
      0.00000825
      0.00000826
      0.00000828
      0.00000829
      0.00000830
      0.00000831
      0.00000832
      0.00000834
      0.00000835
      0.00000836
      0.00000837
      0.00000838
      0.00000839
      0.00000840
      0.00000841
      0.00000843
      0.00000844
      0.00000845
      0.00000846
      0.00000847
      0.00000848
      0.00000849
      0.00000850
      0.00000851
      0.00000852
      0.00000853
      0.00000854
      0.00000855
      0.00000856
      0.00000857
      0.00000858
      0.00000859
      0.00000860
      0.00000861
      0.00000862
      0.00000863
      0.00000864
      0.00000865
      0.00000866
      0.00000867
      0.00000868
      0.00000869
      0.00000870
      0.00000871
      0.00000872
      0.00000873
      0.00000874
      0.00000875
      0.00000876
      0.00000877
      0.00000877
      0.00000878
      0.00000879
      0.00000880
      0.00000881
      0.00000882
      0.00000883
      0.00000884
      0.00000885
      0.00000885
      0.00000886
      0.00000887
      0.00000888
      0.00000889
      0.00000890
      0.00000891
      0.00000891
      0.00000892
