      0.12315276
      0.09853340
      0.07144103
      0.05085232
      0.03658039
      0.02682824
      0.02008983
      0.01534386
      0.01193102
      0.00942708
      0.00755557
      0.00613297
      0.00503500
      0.00417587
      0.00349523
      0.00294992
      0.00250854
      0.00214796
      0.00185087
      0.00160417
      0.00139784
      0.00122412
      0.00107696
      0.00095158
      0.00084419
      0.00075175
      0.00067180
      0.00060236
      0.00054180
      0.00048877
      0.00044217
      0.00040108
      0.00036472
      0.00033246
      0.00030375
      0.00027812
      0.00025518
      0.00023460
      0.00021608
      0.00019940
      0.00018432
      0.00017066
      0.00015827
      0.00014701
      0.00013675
      0.00012739
      0.00011884
      0.00011100
      0.00010381
      0.00009721
      0.00009114
      0.00008555
      0.00008039
      0.00007562
      0.00007121
      0.00006712
      0.00006333
      0.00005981
      0.00005654
      0.00005350
      0.00005066
      0.00004801
      0.00004554
      0.00004324
      0.00004108
      0.00003905
      0.00003716
      0.00003538
      0.00003371
      0.00003214
      0.00003066
      0.00002927
      0.00002796
      0.00002673
      0.00002557
      0.00002447
      0.00002343
      0.00002244
      0.00002151
      0.00002063
      0.00001980
      0.00001901
      0.00001826
      0.00001755
      0.00001687
      0.00001623
      0.00001562
      0.00001503
      0.00001448
      0.00001395
      0.00001345
      0.00001297
      0.00001251
      0.00001208
      0.00001166
      0.00001126
      0.00001088
      0.00001052
      0.00001017
      0.00000983
      0.00000951
      0.00000921
      0.00000891
      0.00000863
      0.00000836
      0.00000811
      0.00000786
      0.00000762
      0.00000739
      0.00000717
      0.00000696
      0.00000675
      0.00000656
      0.00000637
      0.00000619
      0.00000601
      0.00000584
      0.00000568
      0.00000552
      0.00000537
      0.00000523
      0.00000509
      0.00000495
      0.00000482
      0.00000469
      0.00000457
      0.00000445
      0.00000434
      0.00000423
      0.00000412
      0.00000402
      0.00000392
      0.00000382
      0.00000373
      0.00000364
      0.00000355
      0.00000347
      0.00000338
      0.00000330
      0.00000323
      0.00000315
      0.00000308
      0.00000301
      0.00000294
      0.00000287
      0.00000281
      0.00000275
      0.00000269
      0.00000263
      0.00000257
      0.00000251
      0.00000246
      0.00000241
      0.00000235
      0.00000230
      0.00000226
      0.00000221
      0.00000216
      0.00000212
      0.00000207
      0.00000203
      0.00000199
      0.00000195
      0.00000191
      0.00000187
      0.00000184
      0.00000180
      0.00000177
      0.00000173
      0.00000170
      0.00000166
      0.00000163
      0.00000160
      0.00000157
      0.00000154
      0.00000151
      0.00000149
      0.00000146
      0.00000143
      0.00000140
      0.00000138
      0.00000135
      0.00000133
      0.00000131
      0.00000128
      0.00000126
      0.00000124
      0.00000122
      0.00000119
      0.00000117
      0.00000115
      0.00000113
      0.00000111
      0.00000110
      0.00000108
      0.00000106
      0.00000104
      0.00000102
      0.00000101
      0.00000099
      0.00000097
      0.00000096
      0.00000094
      0.00000093
      0.00000091
      0.00000090
      0.00000088
      0.00000087
      0.00000085
      0.00000084
      0.00000083
      0.00000081
      0.00000080
      0.00000079
      0.00000078
      0.00000077
      0.00000075
      0.00000074
      0.00000073
      0.00000072
      0.00000071
      0.00000070
      0.00000069
      0.00000068
      0.00000067
      0.00000066
      0.00000065
      0.00000064
      0.00000063
      0.00000062
      0.00000061
      0.00000060
      0.00000059
