      0.00000578
      0.00000748
      0.00000910
      0.00001063
      0.00001208
      0.00001345
      0.00001475
      0.00001599
      0.00001715
      0.00001826
      0.00001931
      0.00002030
      0.00002124
      0.00002213
      0.00002298
      0.00002378
      0.00002453
      0.00002525
      0.00002593
      0.00002658
      0.00002719
      0.00002777
      0.00002832
      0.00002885
      0.00002934
      0.00002981
      0.00003026
      0.00003069
      0.00003109
      0.00003147
      0.00003184
      0.00003219
      0.00003252
      0.00003284
      0.00003314
      0.00003343
      0.00003371
      0.00003398
      0.00003423
      0.00003448
      0.00003472
      0.00003495
      0.00003517
      0.00003539
      0.00003560
      0.00003580
      0.00003600
      0.00003620
      0.00003639
      0.00003659
      0.00003678
      0.00003697
      0.00003716
      0.00003735
      0.00003754
      0.00003773
      0.00003792
      0.00003812
      0.00003832
      0.00003852
      0.00003873
      0.00003894
      0.00003916
      0.00003938
      0.00003962
      0.00003986
      0.00004011
      0.00004037
      0.00004064
      0.00004092
      0.00004121
      0.00004152
      0.00004184
      0.00004218
      0.00004254
      0.00004291
      0.00004330
      0.00004371
      0.00004415
      0.00004461
      0.00004510
      0.00004561
      0.00004616
      0.00004674
      0.00004735
      0.00004801
      0.00004871
      0.00004945
      0.00005024
      0.00005109
      0.00005200
      0.00005298
      0.00005402
      0.00005515
      0.00005637
      0.00005769
      0.00005912
      0.00006067
      0.00006237
      0.00006422
      0.00006625
      0.00006849
      0.00007097
      0.00007372
      0.00007679
      0.00008025
      0.00008415
      0.00008860
      0.00009370
      0.00009962
      0.00010656
      0.00011481
      0.00012475
      0.00013698
      0.00015235
      0.00017227
      0.00019906
      0.00023701
      0.00029486
      0.00039376
      0.00060127
      0.00131306
     -0.00603627
     -0.00089353
     -0.00047632
     -0.00032184
     -0.00024138
     -0.00019205
     -0.00015872
     -0.00013471
     -0.00011659
     -0.00010244
     -0.00009109
     -0.00008179
     -0.00007403
     -0.00006746
     -0.00006183
     -0.00005695
     -0.00005269
     -0.00004893
     -0.00004560
     -0.00004262
     -0.00003995
     -0.00003753
     -0.00003534
     -0.00003335
     -0.00003152
     -0.00002985
