      2.57161386
      2.54698127
      2.52234877
      2.49771636
      2.47308403
      2.44845178
      2.42381961
      2.39918753
      2.37455553
      2.34992361
      2.32529175
      2.30065998
      2.27602828
      2.25139664
      2.22676511
      2.20213360
      2.17750216
      2.15287082
      2.12823950
      2.10360828
      2.07897708
      2.05434593
      2.02971486
      2.00508380
      1.98045279
      1.95582185
      1.93119095
      1.90656000
      1.88192915
      1.85729833
      1.83266745
      1.80803667
      1.78340589
      1.75877503
      1.73414425
      1.70951345
      1.68488257
      1.66025174
      1.63562088
      1.61098998
      1.58635897
      1.56172798
      1.53709692
      1.51246572
      1.48783452
      1.46320323
      1.43857176
      1.41394025
      1.38930862
      1.36467679
      1.34004487
      1.31541280
      1.29078055
      1.26614811
      1.24151532
      1.21688246
      1.19224936
      1.16761600
      1.14298237
      1.11834845
      1.09371407
      1.06907951
      1.04444460
      1.01980932
      0.99517365
      0.97053758
      0.94590107
      0.92126398
      0.89662657
      0.87198868
      0.84735031
      0.82271143
      0.79807206
      0.77343205
      0.74879170
      0.72415089
      0.69950966
      0.67486806
      0.65022619
      0.62558414
      0.60094193
      0.57630005
      0.55165862
      0.52701799
      0.50237864
      0.47774115
      0.45310619
      0.42847507
      0.40384902
      0.37922984
      0.35461990
      0.33002237
      0.30544136
      0.28088290
      0.25635466
      0.23186737
      0.20743599
      0.18308146
      0.15883352
      0.13473469
