     -0.00000003
     -0.00000116
     -0.00000564
     -0.00001144
     -0.00000892
      0.00001826
      0.00009070
      0.00023091
      0.00046150
      0.00080399
      0.00127803
      0.00190100
      0.00268786
      0.00365117
      0.00480110
      0.00614565
      0.00769077
      0.00944061
      0.01139767
      0.01356299
      0.01593636
      0.01851645
      0.02130101
      0.02428697
      0.02747059
      0.03084759
      0.03441322
      0.03816240
      0.04208972
      0.04618962
      0.05045640
      0.05488422
      0.05946726
      0.06419970
      0.06907571
      0.07408960
      0.07923575
      0.08450863
      0.08990288
      0.09541327
      0.10103476
      0.10676242
      0.11259155
      0.11851763
      0.12453626
      0.13064328
      0.13683472
      0.14310672
      0.14945567
      0.15587813
      0.16237078
      0.16893052
      0.17555440
      0.18223963
      0.18898361
      0.19578378
      0.20263784
      0.20954358
      0.21649895
      0.22350199
      0.23055095
      0.23764405
      0.24477975
      0.25195658
      0.25917317
      0.26642825
      0.27372072
      0.28104945
      0.28841340
      0.29581171
      0.30324355
      0.31070816
      0.31820487
      0.32573310
      0.33329223
      0.34088180
      0.34850139
      0.35615064
      0.36382922
      0.37153687
      0.37927332
      0.38703850
      0.39483223
      0.40265438
      0.41050499
      0.41838403
      0.42629156
      0.43422765
      0.44219227
      0.45018564
      0.45820791
      0.46625928
      0.47434000
      0.48245023
      0.49059029
      0.49876046
      0.50696107
      0.51519245
      0.52345497
      0.53174906
      0.54007502
      0.54843333
      0.55682442
      0.56524876
      0.57370682
      0.58219910
      0.59072611
      0.59928837
      0.60788654
      0.61652096
      0.62519232
      0.63390120
      0.64264821
      0.65143396
      0.66025909
      0.66912424
      0.67803008
      0.68697727
      0.69596651
      0.70499849
