      0.98574987
      0.97450322
      0.96272014
      0.95044896
      0.93772981
      0.92459455
      0.91107257
      0.89718753
      0.88296022
      0.86840864
      0.85354898
      0.83839543
      0.82296048
      0.80725552
      0.79129082
      0.77507554
      0.75861814
      0.74192632
      0.72500709
      0.70786697
      0.69051193
      0.67294749
      0.65517883
      0.63721074
      0.61904759
      0.60069367
      0.58215276
      0.56342836
      0.54452473
      0.52544432
      0.50619050
      0.48676606
      0.46717374
      0.44741633
      0.42749617
      0.40741577
      0.38717726
      0.36678294
      0.34623480
      0.32553474
      0.30468481
      0.28368695
      0.26254227
      0.24125310
      0.21982096
      0.19824727
      0.17653370
      0.15468157
      0.13269247
      0.11056761
      0.08830851
      0.06591631
      0.04339244
      0.02073807
     -0.00204568
     -0.02495754
     -0.04799617
     -0.07116074
     -0.09445007
     -0.11786300
     -0.14139831
     -0.16505526
     -0.18883265
     -0.21272946
     -0.23674448
     -0.26087709
     -0.28512611
     -0.30949055
     -0.33396927
     -0.35856167
     -0.38326661
     -0.40808295
     -0.43301012
     -0.45804700
     -0.48319265
     -0.50844594
     -0.53380631
     -0.55927264
     -0.58484400
     -0.61051927
     -0.63629788
     -0.66217872
     -0.68816084
     -0.71424310
     -0.74042494
     -0.76670522
     -0.79308279
     -0.81955707
     -0.84612690
     -0.87279129
     -0.89954908
     -0.92639965
     -0.95334182
     -0.98037457
     -1.00749668
     -1.03470752
     -1.06200584
     -1.08939060
     -1.11686052
     -1.14441494
     -1.17205256
     -1.19977230
     -1.22757278
     -1.25545331
     -1.28341254
     -1.31144908
     -1.33956219
     -1.36775045
     -1.39601265
     -1.42434736
     -1.45275373
     -1.48123029
     -1.50977576
     -1.53838861
     -1.56706795
     -1.59581199
     -1.62461979
     -1.65348976
     -1.68242047
     -1.71141049
     -1.74045836
     -1.76956260
     -1.79872126
     -1.82793368
     -1.85719787
     -1.88651225
     -1.91587519
     -1.94528506
     -1.97474020
     -2.00423890
     -2.03377902
     -2.06335966
     -2.09297863
     -2.12263409
     -2.15232421
     -2.18204710
     -2.21180087
     -2.24158311
     -2.27139276
     -2.30122734
     -2.33108482
     -2.36096313
     -2.39086013
     -2.42077368
     -2.45070197
     -2.48064166
     -2.51059168
     -2.54054928
     -2.57051211
     -2.60047780
     -2.63044392
     -2.66040768
     -2.69036680
     -2.72031928
     -2.75026207
     -2.78019253
     -2.81010797
     -2.84000567
     -2.86988284
     -2.89973666
     -2.92956381
     -2.95936227
     -2.98912873
     -3.01885984
     -3.04855286
     -3.07820474
     -3.10781198
     -3.13737107
     -3.16687963
     -3.19633387
     -3.22573040
     -3.25506579
     -3.28433653
     -3.31353907
     -3.34266980
     -3.37172461
     -3.40070063
     -3.42959365
     -3.45839981
     -3.48711520
     -3.51573585
     -3.54425772
     -3.57267629
     -3.60098799
     -3.62918862
     -3.65727369
     -3.68523882
     -3.71307960
     -3.74079154
     -3.76837006
     -3.79581015
