      1.98746817
      2.01067833
      2.03389732
      2.05712515
      2.08036202
      2.10360824
      2.12686432
      2.15013028
      2.17340690
      2.19669445
      2.21999330
      2.24330368
      2.26662585
      2.28995998
      2.31330622
      2.33666466
      2.36003533
      2.38341820
      2.40681330
      2.43022051
      2.45363980
      2.47707104
      2.50051405
      2.52396876
      2.54743498
      2.57091249
      2.59440116
      2.61790087
      2.64141129
      2.66493231
      2.68846378
      2.71200533
      2.73555689
      2.75911831
      2.78268925
      2.80626958
      2.82985918
      2.85345771
      2.87706505
      2.90068102
      2.92430550
      2.94793818
      2.97157894
      2.99522768
      3.01888409
      3.04254808
      3.06621956
      3.08989822
      3.11358399
      3.13727677
      3.16097630
      3.18468248
      3.20839518
      3.23211427
      3.25583976
      3.27957123
      3.30330870
      3.32705205
      3.35080116
      3.37455591
      3.39831632
      3.42208202
      3.44585303
      3.46962925
      3.49341057
      3.51719691
      3.54098815
      3.56478436
      3.58858516
      3.61239059
      3.63620058
      3.66001504
      3.68383388
      3.70765718
      3.73148457
      3.75531611
      3.77915173
      3.80299136
      3.82683493
      3.85068238
      3.87453377
      3.89838876
      3.92224743
      3.94610971
      3.96997555
      3.99384489
      4.01771781
      4.04159397
      4.06547347
      4.08935624
      4.11324223
      4.13713141
      4.16102385
      4.18491922
      4.20881763
      4.23271902
      4.25662335
      4.28053058
      4.30444066
      4.32835369
      4.35226936
      4.37618775
      4.40010884
      4.42403257
      4.44795893
      4.47188786
      4.49581934
      4.51975333
      4.54369007
      4.56762897
      4.59157029
      4.61551397
      4.63946000
      4.66340835
      4.68735898
      4.71131186
      4.73526697
      4.75922428
      4.78318376
      4.80714538
