     -0.37526695
     -0.60447807
     -0.83368935
     -1.06290030
     -1.29211158
     -1.52132287
     -1.75053381
     -1.97974510
     -2.20895605
     -2.43816733
     -2.66737855
     -2.89658956
     -3.12580085
     -3.35501214
     -3.58422308
     -3.81343403
     -4.04264565
     -4.27185660
     -4.50106754
     -4.73027917
     -4.95949012
     -5.18870106
     -5.41791269
     -5.64712364
     -5.87633458
     -6.10554621
     -6.33475716
     -6.56396810
     -6.79317904
     -7.02239067
     -7.25160161
     -7.48081256
     -7.71002419
     -7.93923513
     -8.16844608
     -8.39765771
     -8.62686865
     -8.85607960
     -9.08529122
     -9.31450217
     -9.54371311
     -9.77292407
    -10.00213500
    -10.23134731
    -10.46055826
    -10.68976921
    -10.91898015
    -11.14819110
    -11.37740204
    -11.60661435
    -11.83582530
    -12.06503624
    -12.29424719
    -12.52345813
    -12.75266908
    -12.98188002
    -13.21109233
    -13.44030328
    -13.66951422
    -13.89872517
    -14.12793611
    -14.35714706
    -14.58635937
    -14.81557031
    -15.04478126
    -15.27399220
    -15.50320315
    -15.73241409
    -15.96162504
    -16.19083735
    -16.42004830
    -16.64925924
    -16.87847019
    -17.10768113
    -17.33689208
    -17.56610439
    -17.79531533
    -18.02452627
    -18.25373722
    -18.48294817
    -18.71215910
    -18.94137141
    -19.17058236
    -19.39979331
    -19.62900425
    -19.85821511
    -20.08742605
    -20.31663699
    -20.54584930
    -20.77506024
    -21.00427118
    -21.23348213
    -21.46269307
    -21.69190401
    -21.92111495
    -22.15032589
    -22.37953684
    -22.60875051
    -22.83796145
    -23.06717240
    -23.29638334
    -23.52559428
    -23.75480545
    -23.98401640
    -24.21322758
    -24.44243855
    -24.67164912
    -24.90086007
    -25.13007101
    -25.35928197
    -25.58849565
    -25.81770659
    -26.04691753
    -26.27612848
    -26.50533942
    -26.73455037
    -26.96376132
    -27.19297226
    -27.42218321
