      0.00000921
      0.00000951
      0.00000983
      0.00001017
      0.00001052
      0.00001088
      0.00001126
      0.00001166
      0.00001208
      0.00001251
      0.00001297
      0.00001345
      0.00001395
      0.00001448
      0.00001503
      0.00001562
      0.00001623
      0.00001687
      0.00001755
      0.00001826
      0.00001901
      0.00001980
      0.00002063
      0.00002151
      0.00002244
      0.00002343
      0.00002447
      0.00002557
      0.00002673
      0.00002796
      0.00002927
      0.00003066
      0.00003214
      0.00003371
      0.00003538
      0.00003716
      0.00003905
      0.00004108
      0.00004324
      0.00004554
      0.00004801
      0.00005066
      0.00005350
      0.00005654
      0.00005981
      0.00006333
      0.00006712
      0.00007121
      0.00007562
      0.00008039
      0.00008555
      0.00009114
      0.00009721
      0.00010381
      0.00011100
      0.00011884
      0.00012739
      0.00013675
      0.00014701
      0.00015827
      0.00017066
      0.00018432
      0.00019940
      0.00021608
      0.00023460
      0.00025518
      0.00027812
      0.00030375
      0.00033246
      0.00036472
      0.00040108
      0.00044217
      0.00048877
      0.00054180
      0.00060236
      0.00067180
      0.00075175
      0.00084419
      0.00095158
      0.00107696
      0.00122412
      0.00139784
      0.00160417
      0.00185087
      0.00214796
      0.00250854
      0.00294992
      0.00349523
      0.00417587
      0.00503500
      0.00613297
      0.00755557
      0.00942708
      0.01193101
      0.01534385
      0.02008982
      0.02682820
      0.03658034
      0.05085222
      0.07144100
