      0.00000594
      0.00000596
      0.00000598
      0.00000601
      0.00000603
      0.00000605
      0.00000608
      0.00000611
      0.00000613
      0.00000616
      0.00000618
      0.00000621
      0.00000624
      0.00000627
      0.00000630
      0.00000633
      0.00000636
      0.00000639
      0.00000643
      0.00000646
      0.00000650
      0.00000653
      0.00000657
      0.00000661
      0.00000665
      0.00000669
      0.00000673
      0.00000677
      0.00000682
      0.00000686
      0.00000691
      0.00000696
      0.00000701
      0.00000707
      0.00000712
      0.00000718
      0.00000725
      0.00000731
      0.00000738
      0.00000745
      0.00000752
      0.00000760
      0.00000769
      0.00000778
      0.00000787
      0.00000798
      0.00000809
      0.00000821
      0.00000834
      0.00000848
      0.00000863
      0.00000881
      0.00000900
      0.00000923
      0.00000949
      0.00000979
      0.00001017
