    -13.49186988
    -13.57116453
    -13.65047647
    -13.72980540
    -13.80915110
    -13.88851326
    -13.96789161
    -14.04728591
    -14.12669591
    -14.20612143
    -14.28556211
    -14.36501776
    -14.44448823
    -14.52397310
    -14.60347240
    -14.68298578
    -14.76251291
    -14.84205382
    -14.92160807
    -15.00117570
    -15.08075639
    -15.16034983
    -15.23995606
    -15.31957479
    -15.39920571
    -15.47884875
    -15.55850400
    -15.63817078
    -15.71784918
    -15.79753927
    -15.87724040
    -15.95695267
    -16.03667613
    -16.11641018
    -16.19615489
    -16.27591036
    -16.35567595
    -16.43545178
    -16.51523769
    -16.59503379
    -16.67483947
    -16.75465483
    -16.83447997
    -16.91431430
    -16.99415793
    -17.07401096
    -17.15387281
    -17.23374358
    -17.31362341
    -17.39351170
    -17.47340857
    -17.55331391
    -17.63322762
    -17.71315005
    -17.79308016
    -17.87301831
    -17.95296441
    -18.03291834
    -18.11288002
    -18.19284981
    -18.27282668
    -18.35281100
