     -2.78197242
     -2.83956625
     -2.89894116
     -2.96018125
     -3.02337601
     -3.08862015
     -3.15601520
     -3.22566952
     -3.29769822
     -3.37222503
     -3.44938221
     -3.52931175
     -3.61216531
     -3.69810659
     -3.78731175
     -3.87996976
     -3.97628533
     -4.07647971
     -4.18079137
     -4.28947976
     -4.40282659
     -4.52113720
     -4.64474532
     -4.77401490
     -4.90934403
     -5.05116985
     -5.19996989
     -5.35627248
     -5.52065974
     -5.69377558
     -5.87633415
     -6.06913089
     -6.27304941
     -6.48908198
     -6.71834111
     -6.96207988
     -7.22171476
     -7.49885325
     -7.79532892
     -8.11323498
     -8.45498416
     -8.82336338
     -9.22161145
     -9.65351461
    -10.12353017
    -10.63692932
    -11.20001280
    -11.82035968
    -12.50717311
    -13.27174002
    -14.12805623
    -15.09369718
    -16.19101228
    -17.44891292
    -18.90543315
    -20.61164760
    -22.63778432
    -25.08314807
    -28.09282595
    -31.88766197
    -36.82099007
    -43.49556702
    -53.03082507
    -67.76758748
    -93.55782718
   -150.30095336
