      4.51718474
      4.44171297
      4.36624377
      4.29077687
      4.21531226
      4.13985039
      4.06439087
      3.98893385
      3.91347968
      3.83802826
      3.76257942
      3.68713368
      3.61169087
      3.53625106
      3.46081436
      3.38538040
      3.30995018
      3.23452332
      3.15909993
      3.08368013
      3.00826402
      2.93285126
      2.85744288
      2.78203857
      2.70663846
      2.63124270
      2.55585146
      2.48046509
      2.40508276
      2.32970611
      2.25433474
      2.17896885
      2.10360869
      2.02825453
      1.95290619
      1.87756489
      1.80223050
      1.72690341
      1.65158401
      1.57627275
      1.50097013
      1.42567625
      1.35039262
      1.27511951
      1.19985769
      1.12460807
      1.04937171
      0.97414935
      0.89894332
      0.82375489
      0.74858612
      0.67343952
      0.59831828
      0.52322607
      0.44816925
      0.37315497
      0.29819444
