      0.01266153
      0.00970387
      0.00753716
      0.00592647
      0.00471227
      0.00378498
      0.00306828
      0.00250823
      0.00206615
      0.00171396
      0.00143098
      0.00120182
      0.00101488
      0.00086137
      0.00073450
      0.00062905
      0.00054092
      0.00046689
      0.00040440
      0.00035141
      0.00030630
      0.00026773
      0.00023463
      0.00020613
      0.00018149
      0.00016013
      0.00014156
      0.00012536
      0.00011119
      0.00009877
      0.00008784
      0.00007821
      0.00006971
      0.00006217
      0.00005549
      0.00004955
      0.00004425
      0.00003952
      0.00003530
      0.00003151
      0.00002811
      0.00002505
      0.00002230
      0.00001982
      0.00001758
      0.00001555
      0.00001371
      0.00001205
      0.00001054
      0.00000916
      0.00000791
      0.00000677
      0.00000572
      0.00000477
      0.00000390
      0.00000310
      0.00000237
      0.00000170
      0.00000109
      0.00000052
     -0.00000000
     -0.00000048
     -0.00000093
     -0.00000133
     -0.00000171
     -0.00000206
     -0.00000238
     -0.00000268
     -0.00000296
     -0.00000322
     -0.00000345
     -0.00000368
     -0.00000388
     -0.00000407
     -0.00000425
     -0.00000442
     -0.00000457
     -0.00000472
     -0.00000485
     -0.00000498
     -0.00000509
     -0.00000520
     -0.00000530
     -0.00000540
     -0.00000549
     -0.00000557
     -0.00000565
     -0.00000573
     -0.00000580
     -0.00000586
     -0.00000592
     -0.00000598
     -0.00000603
     -0.00000609
     -0.00000613
     -0.00000618
     -0.00000622
     -0.00000626
     -0.00000630
     -0.00000633
     -0.00000637
     -0.00000640
     -0.00000643
     -0.00000646
     -0.00000648
     -0.00000651
     -0.00000653
     -0.00000656
     -0.00000658
     -0.00000660
     -0.00000662
     -0.00000664
     -0.00000665
     -0.00000667
     -0.00000669
     -0.00000670
     -0.00000671
     -0.00000673
     -0.00000674
