      0.00000171
      0.00000251
      0.00000326
      0.00000397
      0.00000465
      0.00000529
      0.00000590
      0.00000647
      0.00000701
      0.00000753
      0.00000801
      0.00000847
      0.00000890
      0.00000931
      0.00000970
      0.00001006
      0.00001040
      0.00001071
      0.00001101
      0.00001129
      0.00001155
      0.00001180
      0.00001202
      0.00001223
      0.00001243
      0.00001261
      0.00001278
      0.00001293
      0.00001307
      0.00001320
      0.00001332
      0.00001343
      0.00001352
      0.00001361
      0.00001368
      0.00001375
      0.00001381
      0.00001386
      0.00001390
      0.00001393
      0.00001396
      0.00001398
      0.00001399
      0.00001400
      0.00001400
      0.00001399
      0.00001398
      0.00001397
      0.00001395
      0.00001392
      0.00001390
      0.00001386
      0.00001382
      0.00001378
      0.00001374
      0.00001369
      0.00001364
      0.00001359
      0.00001353
      0.00001347
      0.00001341
      0.00001334
