      0.00109826
      0.00098285
      0.00087759
      0.00078225
      0.00069634
      0.00061923
      0.00055021
      0.00048858
      0.00043363
      0.00038470
      0.00034116
      0.00030245
      0.00026804
      0.00023746
      0.00021028
      0.00018613
      0.00016466
      0.00014558
      0.00012862
      0.00011353
      0.00010011
      0.00008817
      0.00007754
      0.00006808
      0.00005966
      0.00005216
      0.00004548
      0.00003954
      0.00003424
      0.00002952
      0.00002532
      0.00002159
      0.00001826
      0.00001530
      0.00001267
      0.00001033
      0.00000825
      0.00000641
      0.00000477
      0.00000333
      0.00000205
      0.00000092
     -0.00000008
     -0.00000095
     -0.00000172
     -0.00000239
     -0.00000297
     -0.00000348
     -0.00000392
     -0.00000430
