     -2.37086324
     -2.49150920
     -2.61100683
     -2.72942869
     -2.84683987
     -2.96329942
     -3.07886165
     -3.19357618
     -3.30748770
     -3.42063827
     -3.53306675
     -3.64480808
     -3.75589573
     -3.86636077
     -3.97623121
     -4.08553415
     -4.19429499
     -4.30253657
     -4.41028128
     -4.51754989
     -4.62436226
     -4.73073622
     -4.83668953
     -4.94223901
     -5.04739967
     -5.15218667
     -5.25661437
     -5.36069559
     -5.46444336
     -5.56787016
     -5.67098696
     -5.77380514
     -5.87633527
     -5.97858746
     -6.08057201
     -6.18229698
     -6.28377187
     -6.38500523
     -6.48600525
     -6.58677981
     -6.68733709
     -6.78768317
     -6.88782570
     -6.98777143
     -7.08752689
     -7.18709838
     -7.28649196
     -7.38571410
     -7.48476931
     -7.58366362
