    -14.12977376
    -14.12943083
    -14.12908814
    -14.12874569
    -14.12840348
    -14.12806150
    -14.12771976
    -14.12737826
    -14.12703700
    -14.12669597
    -14.12635518
    -14.12601463
    -14.12567431
    -14.12533423
    -14.12499438
    -14.12465477
    -14.12431540
    -14.12397626
    -14.12363735
    -14.12329868
    -14.12296025
    -14.12262205
    -14.12228408
    -14.12194635
    -14.12160885
    -14.12127159
    -14.12093455
    -14.12059776
    -14.12026119
    -14.11992486
    -14.11958876
    -14.11925289
    -14.11891726
    -14.11858185
    -14.11824668
    -14.11791174
    -14.11757704
    -14.11724256
    -14.11690831
    -14.11657430
    -14.11624051
    -14.11590696
    -14.11557363
    -14.11524054
    -14.11490768
    -14.11457505
    -14.11424264
    -14.11391047
    -14.11357852
    -14.11324680
    -14.11291531
    -14.11258405
    -14.11225302
    -14.11192222
    -14.11159164
    -14.11126129
    -14.11093117
    -14.11060128
    -14.11027161
    -14.10994218
    -14.10961296
    -14.10928398
    -14.10895522
    -14.10862668
    -14.10829838
    -14.10797029
    -14.10764244
    -14.10731481
    -14.10698740
    -14.10666022
    -14.10633327
    -14.10600654
    -14.10568004
    -14.10535375
    -14.10502769
    -14.10470185
    -14.10437624
    -14.10405086
    -14.10372569
    -14.10340075
    -14.10307603
    -14.10275154
    -14.10242727
    -14.10210321
    -14.10177939
    -14.10145578
    -14.10113240
    -14.10080923
    -14.10048629
    -14.10016357
    -14.09984107
    -14.09951879
    -14.09919673
    -14.09887490
    -14.09855328
    -14.09823188
    -14.09791070
    -14.09758975
    -14.09726901
    -14.09694849
    -14.09662819
    -14.09630811
    -14.09598825
    -14.09566860
    -14.09534918
    -14.09502997
    -14.09471098
    -14.09439221
    -14.09407366
    -14.09375532
    -14.09343721
    -14.09311930
    -14.09280162
    -14.09248415
    -14.09216690
    -14.09184986
    -14.09153305
    -14.09121644
    -14.09090006
    -14.09058388
    -14.09026793
    -14.08995219
    -14.08963666
    -14.08932135
    -14.08900626
    -14.08869137
    -14.08837671
    -14.08806225
    -14.08774801
    -14.08743399
    -14.08712018
    -14.08680658
    -14.08649320
    -14.08618002
    -14.08586706
    -14.08555432
    -14.08524178
    -14.08492946
    -14.08461735
    -14.08430546
    -14.08399377
    -14.08368230
    -14.08337103
    -14.08305998
    -14.08274915
    -14.08243852
    -14.08212810
    -14.08181789
