      0.83084716
      0.87056805
      0.91029398
      0.95002480
      0.98976019
      1.02949985
      1.06924366
      1.10899152
      1.14874302
      1.18849812
      1.22825678
      1.26801862
      1.30778364
      1.34755183
      1.38732284
      1.42709668
      1.46687337
      1.50665259
      1.54643435
      1.58621859
      1.62600533
      1.66579427
      1.70558546
      1.74537895
      1.78517444
      1.82497198
      1.86477165
      1.90457315
      1.94437654
      1.98418190
      2.02398894
      2.06379774
      2.10360824
      2.14342042
      2.18323448
      2.22304988
      2.26286685
      2.30268535
      2.34250533
      2.38232677
      2.42214989
      2.46197416
      2.50179980
      2.54162678
      2.58145508
      2.62128466
      2.66111552
      2.70094785
      2.74078121
      2.78061566
