     -5.30408718
     -5.36749537
     -5.43094721
     -5.49444271
     -5.55798196
     -5.62156496
     -5.68519177
     -5.74886240
     -5.81257691
     -5.87633527
     -5.94013763
     -6.00398398
     -6.06787435
     -6.13180878
     -6.19578730
     -6.25980997
     -6.32387681
     -6.38798786
     -6.45214316
     -6.51634276
     -6.58058667
     -6.64487484
     -6.70920752
     -6.77358465
     -6.83800625
     -6.90247238
     -6.96698306
     -7.03153834
     -7.09613825
     -7.16078283
     -7.22547200
     -7.29020616
     -7.35498487
     -7.41980865
     -7.48467705
     -7.54959060
     -7.61454885
     -7.67955232
     -7.74460054
     -7.80969413
     -7.87483254
     -7.94001632
     -8.00524502
     -8.07051925
     -8.13583845
     -8.20120295
     -8.26661302
     -8.33206823
     -8.39756909
     -8.46311516
     -8.52870696
     -8.59434406
     -8.66002697
     -8.72575524
     -8.79152941
     -8.85734903
     -8.92321462
     -8.98912574
     -9.05508292
     -9.12108569
     -9.18713436
     -9.25322921
     -9.31937002
     -9.38555633
     -9.45178921
     -9.51806819
     -9.58439329
     -9.65076407
     -9.71718155
     -9.78364528
     -9.85015530
     -9.91671117
     -9.98331400
    -10.04996302
    -10.11665862
    -10.18340022
    -10.25018884
    -10.31702405
    -10.38390537
    -10.45083385
    -10.51780904
    -10.58483101
    -10.65189916
    -10.71901469
    -10.78617707
    -10.85338637
    -10.92064211
    -10.98794533
    -11.05529559
    -11.12269291
    -11.19013684
    -11.25762843
    -11.32516721
    -11.39275273
    -11.46038602
    -11.52806664
    -11.59579461
    -11.66356948
    -11.73139230
    -11.79926261
    -11.86718044
    -11.93514534
    -12.00315836
    -12.07121903
    -12.13932740
    -12.20748299
    -12.27568688
    -12.34393859
    -12.41223816
    -12.48058513
    -12.54898056
    -12.61742398
    -12.68591492
    -12.75445445
    -12.82304211
    -12.89167792
    -12.96036143
    -13.02909369
    -13.09787425
    -13.16670314
    -13.23557989
    -13.30450558
    -13.37347922
    -13.44250187
    -13.51157307
    -13.58069287
    -13.64986130
    -13.71907840
    -13.78834423
    -13.85765779
    -13.92702119
    -13.99643344
    -14.06589459
    -14.13540468
    -14.20496374
    -14.27457184
    -14.34422900
    -14.41393424
    -14.48368968
    -14.55349431
    -14.62334819
    -14.69325136
    -14.76320387
    -14.83320575
    -14.90325600
    -14.97335677
    -15.04350705
    -15.11370688
