     -4.47240058
     -4.49985206
     -4.52792174
     -4.55663470
     -4.58601758
     -4.61609830
     -4.64690667
     -4.67847457
     -4.71083545
     -4.74402530
     -4.77808245
     -4.81304753
     -4.84896426
     -4.88587933
     -4.92384283
     -4.96290869
     -5.00313423
     -5.04458187
     -5.08731870
     -5.13141722
     -5.17695590
     -5.22402017
     -5.27270196
     -5.32310234
     -5.37533132
     -5.42950927
     -5.48576827
     -5.54425355
     -5.60512582
     -5.66856156
     -5.73475791
     -5.80393403
     -5.87633482
     -5.95223512
     -6.03194503
     -6.11581402
     -6.20424099
     -6.29768142
     -6.39665884
     -6.50177872
     -6.61374606
     -6.73338835
     -6.86168167
     -6.99979275
     -7.14912643
     -7.31139396
     -7.48870642
     -7.68370624
     -7.89974995
     -8.14119156
     -8.41379752
     -8.72540980
     -9.08703591
     -9.51474292
    -10.03315369
    -10.68253595
    -11.53476946
