      0.31578940
      0.13875395
     -0.03945927
     -0.21839503
     -0.39774159
     -0.57729002
     -0.75690258
     -0.93648818
     -1.11598765
     -1.29536378
     -1.47459411
     -1.65366433
     -1.83256833
     -2.01130442
     -2.18987229
     -2.36827519
     -2.54651761
     -2.72460322
     -2.90253774
     -3.08032709
     -3.25797565
     -3.43548937
     -3.61287350
     -3.79013368
     -3.96727378
     -4.14429903
     -4.32121442
     -4.49802319
     -4.67472990
     -4.85133894
     -5.02785288
     -5.20427571
     -5.38061123
     -5.55686149
     -5.73302994
     -5.90911938
     -6.08513243
     -6.26107266
     -6.43694035
     -6.61273878
     -6.78847013
     -6.96413641
     -7.13973958
     -7.31528253
     -7.49076493
     -7.66618949
     -7.84155784
     -8.01687149
     -8.19213190
     -8.36734049
     -8.54249961
     -8.71760848
     -8.89266935
     -9.06768341
     -9.24265178
     -9.41757555
     -9.59245679
     -9.76729442
     -9.94209044
    -10.11684578
    -10.29156133
    -10.46623793
    -10.64087643
    -10.81547864
    -10.99004327
    -11.16457208
    -11.33906579
    -11.51352511
    -11.68795068
    -11.86234420
    -12.03670421
    -12.21103236
    -12.38532923
    -12.55959539
    -12.73383138
    -12.90803877
    -13.08221600
    -13.25636462
    -13.43048511
    -13.60457793
    -13.77864355
    -13.95268240
    -14.12669597
    -14.30068259
    -14.47464371
    -14.64857973
    -14.82249102
    -14.99637798
    -15.17024096
    -15.34408033
    -15.51789642
    -15.69169164
    -15.86546220
    -16.03921047
    -16.21293677
    -16.38664141
    -16.56032468
    -16.73398688
    -16.90762830
    -17.08124920
    -17.25484986
    -17.42843055
    -17.60199152
    -17.77553302
    -17.94905738
    -18.12256070
    -18.29604528
    -18.46951135
    -18.64295914
    -18.81638887
    -18.98980076
    -19.16319502
    -19.33657186
    -19.50993148
    -19.68327408
    -19.85659986
    -20.02990901
    -20.20320377
    -20.37648021
    -20.54974057
    -20.72298502
    -20.89621374
    -21.06942690
    -21.24262467
    -21.41580721
    -21.58897468
    -21.76212723
    -21.93526503
    -22.10838821
    -22.28149695
    -22.45459343
    -22.62767369
    -22.80073992
    -22.97379226
    -23.14683085
    -23.31985583
    -23.49286732
    -23.66586546
    -23.83885036
    -24.01182217
    -24.18478100
    -24.35772697
    -24.53066019
    -24.70358286
    -24.87649096
    -25.04938666
    -25.22227008
    -25.39514133
    -25.56800052
    -25.74084774
    -25.91368311
    -26.08650673
    -26.25931871
    -26.43211913
    -26.60490810
    -26.77768778
    -26.95045414
    -27.12320933
    -27.29595346
    -27.46868660
    -27.64140885
    -27.81412031
    -27.98682104
    -28.15951115
    -28.33219072
    -28.50485983
    -28.67751856
    -28.85016699
    -29.02280727
    -29.19543536
    -29.36805338
    -29.54066143
    -29.71325957
    -29.88584788
    -30.05842644
    -30.23099531
    -30.40355458
    -30.57610430
    -30.74864455
    -30.92117541
    -31.09369693
    -31.26621124
    -31.43871430
    -31.61120823
    -31.78369309
    -31.95616895
    -32.12863586
    -32.30109390
    -32.47354313
    -32.64598360
    -32.81841537
    -32.99083850
    -33.16325306
    -33.33565911
    -33.50805670
    -33.68044588
    -33.85282672
    -34.02519926
    -34.19756357
    -34.36991968
    -34.54227178
    -34.71461170
    -34.88694359
    -35.05926751
    -35.23158350
    -35.40389162
    -35.57619192
    -35.74848445
    -35.92076925
    -36.09304637
    -36.26531587
    -36.43757779
    -36.60983217
    -36.78207907
    -36.95431852
    -37.12655057
    -37.29877528
    -37.47099267
    -37.64320280
    -37.81540571
    -37.98760144
    -38.15979002
    -38.33197153
    -38.50414597
    -38.67631340
    -38.84847387
    -39.02063150
    -39.19277814
    -39.36491785
    -39.53705081
    -39.70917711
    -39.88129657
    -40.05340934
