    -84.83576386
    -42.41009117
    -28.26827544
    -21.19742478
    -16.95496275
    -14.12669597
    -12.10654436
    -10.59146760
     -9.41310893
     -8.47045474
     -7.69922292
     -7.05656003
     -6.51279672
     -6.04674057
     -5.64285152
     -5.28947246
     -4.97769059
     -4.70057349
     -4.45264704
     -4.22953324
     -4.02768671
     -3.84420751
     -3.67669995
     -3.52316690
     -3.38193143
     -3.25157454
     -3.13088706
     -3.01883243
     -2.91451799
     -2.81716917
     -2.72611137
     -2.64075511
     -2.56058158
     -2.48513304
     -2.41400472
     -2.34683619
     -2.28330599
     -2.22312706
     -2.16604126
     -2.11181642
     -2.06024290
     -2.01113143
     -1.96430997
     -1.91962209
     -1.87692566
     -1.83609056
     -1.79699773
     -1.75953838
     -1.72361228
     -1.68912722
     -1.65599853
     -1.62414775
     -1.59350245
     -1.56399558
     -1.53556477
     -1.50815262
     -1.48170529
     -1.45617279
     -1.43150853
     -1.40766902
     -1.38461351
     -1.36230425
     -1.34070554
     -1.31978398
     -1.29950829
     -1.27984904
     -1.26077859
     -1.24227079
     -1.22430136
     -1.20684708
     -1.18988612
     -1.17339790
     -1.15736294
     -1.14176275
     -1.12658008
     -1.11179832
     -1.09740182
     -1.08337572
     -1.06970594
     -1.05637909
     -1.04338234
     -1.03070377
     -1.01833175
     -1.00625532
     -0.99446403
     -0.98294790
     -0.97169735
     -0.96070344
     -0.94995745
     -0.93945107
     -0.92917640
     -0.91912585
     -0.90929213
     -0.89966842
     -0.89024800
     -0.88102451
     -0.87199184
     -0.86314414
     -0.85447579
     -0.84598134
     -0.83765572
     -0.82949389
     -0.82149108
     -0.81364269
     -0.80594428
     -0.79839161
     -0.79098059
     -0.78370726
     -0.77656774
     -0.76955854
     -0.76267604
     -0.75591685
     -0.74927768
     -0.74275536
     -0.73634684
     -0.73004916
     -0.72385949
     -0.71777505
     -0.71179320
     -0.70591137
