    -14.12669597
    -14.12669597
    -14.12669597
    -14.12669597
    -14.12669597
    -14.12669597
    -14.12669597
    -14.12669597
    -14.12669597
    -14.12669597
    -14.12669597
    -14.12669597
    -14.12669597
    -14.12669597
    -14.12669597
    -14.12669597
    -14.12669597
    -14.12669597
    -14.12669597
    -14.12669597
    -14.12669597
    -14.12669597
    -14.12669597
    -14.12669597
    -14.12669597
    -14.12669597
    -14.12669597
    -14.12669597
    -14.12669597
    -14.12669597
    -14.12669597
    -14.12669597
    -14.12669597
    -14.12669597
    -14.12669597
    -14.12669597
    -14.12669597
    -14.12669597
    -14.12669597
    -14.12669597
    -14.12669597
    -14.12669597
    -14.12669597
    -14.12669597
    -14.12669597
    -14.12669597
    -14.12669597
    -14.12669597
    -14.12669597
    -14.12669597
    -14.12669597
    -14.12669597
    -14.12669597
    -14.12669597
    -14.12669597
    -14.12669597
    -14.12669597
    -14.12669597
    -14.12669597
    -14.12669597
    -14.12669597
    -14.12669597
    -14.12669597
    -14.12669597
    -14.12669597
    -14.12669597
