     -2.60790988
     -2.33036068
     -2.07758871
     -1.84998501
     -1.64595217
     -1.46317643
     -1.29921843
     -1.15177159
     -1.01876225
     -0.89837079
     -0.78902149
     -0.68936136
     -0.59822435
     -0.51461254
     -0.43766793
     -0.36664952
     -0.30091886
     -0.23992188
     -0.18317637
     -0.13026151
     -0.08080919
     -0.03449547
      0.00896522
      0.04982514
      0.08830848
      0.12461479
      0.15892189
      0.19138927
      0.22215997
      0.25136283
      0.27911387
      0.30551819
      0.33067114
      0.35465910
      0.37756092
      0.39944853
      0.42038752
      0.44043813
      0.45965562
      0.47809064
      0.49578998
      0.51279668
      0.52915187
      0.54488862
      0.56004468
      0.57465050
      0.58873547
      0.60232694
      0.61545038
      0.62812959
      0.64038660
      0.65224221
      0.66371579
      0.67482551
      0.68558840
      0.69602044
      0.70613671
      0.71595121
      0.72547729
      0.73472748
      0.74371359
      0.75244677
      0.76093759
      0.76919590
      0.77723118
      0.78505233
      0.79266779
      0.80008559
      0.80731330
      0.81435820
      0.82122704
      0.82792638
      0.83446241
      0.84084105
      0.84706790
      0.85314836
      0.85908748
      0.86489012
      0.87056092
      0.87610439
      0.88152476
      0.88682607
      0.89201216
      0.89708678
      0.90205348
      0.90691564
      0.91167658
      0.91633941
      0.92090716
      0.92538264
      0.92976931
      0.93406786
      0.93828280
      0.94241594
      0.94646963
      0.95044615
      0.95434766
      0.95817634
      0.96193409
      0.96562293
      0.96924472
      0.97280129
      0.97629454
      0.97972585
      0.98309431
      0.98640877
      0.98966478
      0.99286458
      0.99601016
      0.99910289
      1.00214414
      1.00513510
      1.00807706
      1.01097120
      1.01381867
      1.01662060
      1.01937808
      1.02209215
      1.02476382
