     -0.85108112
     -1.44790955
     -2.05357784
     -2.66814092
     -3.29165456
     -3.92417439
     -4.56575641
     -5.21645751
     -5.87633477
     -6.54544620
     -7.22384874
     -7.91160124
     -8.60876305
     -9.31539183
    -10.03154941
    -10.75729489
    -11.49268779
    -12.23779140
    -12.99266506
    -13.75737304
    -14.53197677
    -15.31653807
    -16.11112280
    -16.91579380
    -17.73061437
    -18.55565073
    -19.39097094
    -20.23663610
    -21.09271529
    -21.95927824
    -22.83638749
    -23.72411384
    -24.62252878
    -25.53169632
    -26.45168904
    -27.38258024
    -28.32443547
    -29.27732916
    -30.24133357
    -31.21652452
    -32.20296968
    -33.20074604
    -34.20993136
    -35.23059498
    -36.26281590
    -37.30667388
    -38.36224001
    -39.42959533
    -40.50882173
    -41.59999206
    -42.70318952
    -43.81849479
    -44.94598926
    -46.08576184
    -47.23788176
    -48.40243932
    -49.57951877
    -50.76920512
    -51.97158414
    -53.18674962
    -54.41477437
    -55.65575365
