    -13.81449710
    -13.82747767
    -13.83963271
    -13.85107742
    -13.86190343
    -13.87218501
    -13.88198322
    -13.89134898
    -13.90032519
    -13.90894841
    -13.91725003
    -13.92525726
    -13.93299383
    -13.94048060
    -13.94773595
    -13.95477628
    -13.96161616
    -13.96826870
    -13.97474569
    -13.98105777
    -13.98721463
    -13.99322505
    -13.99909709
    -14.00483810
    -14.01045486
    -14.01595356
    -14.02134000
    -14.02661944
    -14.03179685
    -14.03687678
    -14.04186353
    -14.04676103
    -14.05157304
    -14.05630299
    -14.06095419
    -14.06552964
    -14.07003226
    -14.07446472
    -14.07882958
    -14.08312927
    -14.08736603
    -14.09154203
    -14.09565932
    -14.09971981
    -14.10372532
    -14.10767763
    -14.11157835
    -14.11542909
    -14.11923132
    -14.12298651
    -14.12669598
    -14.13036108
    -14.13398301
    -14.13756299
    -14.14110216
    -14.14460161
    -14.14806235
    -14.15148544
    -14.15487182
    -14.15822241
    -14.16153807
    -14.16481971
    -14.16806813
    -14.17128412
    -14.17446841
    -14.17762178
    -14.18074492
    -14.18383850
    -14.18690317
    -14.18993961
    -14.19294840
    -14.19593011
    -14.19888536
    -14.20181469
    -14.20471862
    -14.20759766
    -14.21045234
    -14.21328314
    -14.21609053
    -14.21887493
    -14.22163684
    -14.22437666
    -14.22709481
    -14.22979166
    -14.23246767
    -14.23512318
    -14.23775854
    -14.24037416
    -14.24297036
    -14.24554749
    -14.24810585
    -14.25064581
    -14.25316766
    -14.25567170
    -14.25815821
    -14.26062752
    -14.26307989
    -14.26551559
    -14.26793488
    -14.27033805
    -14.27272534
    -14.27509699
    -14.27745323
    -14.27979433
    -14.28212050
    -14.28443195
    -14.28672894
    -14.28901165
    -14.29128031
    -14.29353509
    -14.29577623
    -14.29800392
    -14.30021833
    -14.30241965
    -14.30460808
    -14.30678378
    -14.30894694
    -14.31109773
    -14.31323631
    -14.31536285
    -14.31747750
    -14.31958043
    -14.32167175
    -14.32375167
    -14.32582033
    -14.32787785
    -14.32992438
    -14.33196006
    -14.33398503
    -14.33599941
    -14.33800332
    -14.33999693
    -14.34198034
    -14.34395368
    -14.34591707
    -14.34787063
    -14.34981447
    -14.35174867
    -14.35367342
    -14.35558878
    -14.35749487
    -14.35939179
    -14.36127965
    -14.36315855
    -14.36502862
    -14.36688987
    -14.36874250
    -14.37058655
    -14.37242213
    -14.37424933
    -14.37606824
    -14.37787892
    -14.37968149
    -14.38147605
    -14.38326267
    -14.38504143
    -14.38681241
    -14.38857569
    -14.39033136
    -14.39207948
    -14.39382011
    -14.39555338
    -14.39727933
    -14.39899804
    -14.40070957
    -14.40241402
    -14.40411143
    -14.40580186
    -14.40748542
    -14.40916215
    -14.41083213
    -14.41249540
    -14.41415204
    -14.41580212
    -14.41744568
    -14.41908277
    -14.42071350
    -14.42233790
    -14.42395604
    -14.42556796
    -14.42717372
    -14.42877338
    -14.43036698
    -14.43195453
    -14.43353620
    -14.43511199
    -14.43668195
    -14.43824612
    -14.43980457
    -14.44135732
    -14.44290443
