      2.11016182
      2.10930979
      2.10846745
      2.10763464
      2.10681121
      2.10599701
      2.10519188
      2.10439567
      2.10360824
      2.10282945
      2.10205917
      2.10129724
      2.10054355
      2.09979796
      2.09906034
      2.09833056
      2.09760852
      2.09689408
      2.09618712
      2.09548754
      2.09479523
      2.09411006
      2.09343193
      2.09276074
      2.09209638
      2.09143875
      2.09078774
      2.09014327
      2.08950523
      2.08887353
      2.08824808
      2.08762879
      2.08701557
      2.08640832
      2.08580697
      2.08521143
      2.08462162
      2.08403745
      2.08345885
      2.08288574
      2.08231804
      2.08175568
      2.08119858
      2.08064667
      2.08009988
      2.07955814
      2.07902138
      2.07848954
      2.07796254
      2.07744032
      2.07692282
      2.07640998
      2.07590173
      2.07539800
      2.07489876
      2.07440392
      2.07391345
      2.07342727
      2.07294534
      2.07246760
      2.07199399
      2.07152447
