     12.67626903
     11.52179892
     10.55986396
      9.74601559
      9.04851000
      8.44406979
      7.91523838
      7.44866770
      7.03397671
      6.66297044
      6.32909339
      6.02703905
      5.75246606
      5.50178827
      5.27201783
      5.06064388
      4.86554315
      4.68490669
      4.51718385
      4.36103824
      4.21531151
      4.07899488
      3.95120570
      3.83116857
      3.71819851
      3.61169024
      3.51110425
      3.41596083
      3.32582934
      3.24032474
      3.15909915
      3.08183997
      3.00826313
      2.93811209
      2.87115265
      2.80717240
      2.74597647
      2.68738748
      2.63124218
      2.57739067
      2.52569564
      2.47603016
      2.42827632
      2.38232659
      2.33808067
      2.29544525
      2.25433429
      2.21466723
      2.17636961
      2.13937149
      2.10360811
      2.06901846
      2.03554596
      2.00313724
      1.97174231
      1.94131445
      1.91180990
      1.88318687
      1.85540663
      1.82843254
      1.80223020
      1.77676661
      1.75201116
      1.72793473
      1.70450993
      1.68171035
      1.65951147
      1.63788985
      1.61682344
      1.59629083
      1.57627215
      1.55674849
      1.53770144
      1.51911391
      1.50096947
      1.48325260
      1.46594812
      1.44904193
      1.43252044
      1.41637079
      1.40058035
      1.38513737
      1.37003053
      1.35524907
      1.34078240
      1.32662067
      1.31275444
      1.29917437
      1.28587180
      1.27283830
      1.26006590
      1.24754664
      1.23527317
      1.22323832
      1.21143530
      1.19985729
      1.18849802
      1.17735135
      1.16641145
      1.15567245
      1.14512897
      1.13477570
      1.12460763
      1.11461969
      1.10480720
      1.09516566
      1.08569051
      1.07637753
      1.06722261
      1.05822183
      1.04937119
      1.04066704
      1.03210577
      1.02368396
      1.01539811
      1.00724506
      0.99922155
      0.99132456
      0.98355112
      0.97589837
      0.96836352
      0.96094386
      0.95363688
      0.94643982
      0.93935032
      0.93236600
      0.92548454
      0.91870367
      0.91202121
      0.90543504
      0.89894318
      0.89254343
      0.88623395
      0.88001284
      0.87387825
      0.86782839
      0.86186153
      0.85597605
      0.85017012
      0.84444224
      0.83879084
      0.83321440
      0.82771143
      0.82228050
      0.81692023
      0.81162928
      0.80640619
      0.80124972
      0.79615862
      0.79113165
      0.78616761
      0.78126529
      0.77642369
      0.77164150
      0.76691773
      0.76225129
      0.75764116
      0.75308631
      0.74858578
      0.74413858
      0.73974384
      0.73540051
      0.73110777
      0.72686471
      0.72267050
      0.71852431
      0.71442529
      0.71037273
      0.70636570
      0.70240351
      0.69848541
      0.69461067
      0.69077858
      0.68698843
      0.68323954
      0.67953129
      0.67586292
      0.67223385
      0.66864345
      0.66509109
      0.66157619
      0.65809815
      0.65465645
      0.65125028
      0.64787940
      0.64454315
      0.64124099
      0.63797241
      0.63473689
      0.63153394
      0.62836311
