      0.07007102
      0.05260244
      0.03996113
      0.03073767
      0.02393348
      0.01885283
      0.01501235
      0.01207457
      0.00980175
      0.00802463
      0.00662128
      0.00550285
      0.00460387
      0.00387553
      0.00328109
      0.00279260
      0.00238861
      0.00205251
      0.00177134
      0.00153489
      0.00133507
      0.00116543
      0.00102079
      0.00089697
      0.00079055
      0.00069875
      0.00061930
      0.00055030
      0.00049020
      0.00043769
      0.00039168
      0.00035126
      0.00031566
      0.00028423
      0.00025640
      0.00023172
      0.00020978
      0.00019024
      0.00017279
      0.00015719
      0.00014320
      0.00013065
      0.00011937
      0.00010921
      0.00010004
      0.00009176
      0.00008426
      0.00007747
      0.00007131
      0.00006571
      0.00006061
      0.00005597
      0.00005174
      0.00004787
      0.00004433
      0.00004110
      0.00003813
      0.00003541
      0.00003291
      0.00003062
      0.00002850
      0.00002656
      0.00002476
      0.00002311
      0.00002158
      0.00002016
      0.00001886
      0.00001765
      0.00001652
      0.00001548
      0.00001452
      0.00001362
      0.00001279
      0.00001201
      0.00001129
      0.00001062
      0.00000999
      0.00000941
      0.00000886
      0.00000835
      0.00000788
      0.00000743
      0.00000701
      0.00000662
      0.00000626
      0.00000592
      0.00000560
      0.00000529
      0.00000501
      0.00000475
      0.00000450
      0.00000426
      0.00000404
      0.00000383
      0.00000364
      0.00000345
      0.00000328
      0.00000312
      0.00000296
      0.00000282
      0.00000268
      0.00000255
      0.00000242
      0.00000231
      0.00000220
      0.00000210
      0.00000200
      0.00000190
      0.00000182
      0.00000173
      0.00000165
      0.00000158
      0.00000151
      0.00000144
      0.00000137
      0.00000131
      0.00000126
      0.00000120
      0.00000115
      0.00000110
      0.00000105
      0.00000101
      0.00000096
      0.00000092
      0.00000088
      0.00000085
      0.00000081
      0.00000078
      0.00000075
      0.00000072
      0.00000069
      0.00000066
      0.00000063
      0.00000061
      0.00000058
      0.00000056
      0.00000054
      0.00000052
      0.00000050
      0.00000048
      0.00000046
      0.00000044
      0.00000043
      0.00000041
      0.00000039
      0.00000038
      0.00000037
      0.00000035
      0.00000034
      0.00000033
      0.00000031
      0.00000030
      0.00000029
      0.00000028
      0.00000027
      0.00000026
      0.00000025
      0.00000024
      0.00000023
      0.00000023
      0.00000022
      0.00000021
      0.00000020
      0.00000020
      0.00000019
      0.00000018
      0.00000018
      0.00000017
      0.00000017
      0.00000016
      0.00000015
      0.00000015
      0.00000014
      0.00000014
      0.00000014
      0.00000013
      0.00000013
      0.00000012
      0.00000012
      0.00000011
      0.00000011
      0.00000011
      0.00000010
      0.00000010
      0.00000010
      0.00000009
      0.00000009
      0.00000009
      0.00000009
      0.00000008
      0.00000008
      0.00000008
      0.00000008
      0.00000007
      0.00000007
      0.00000007
      0.00000007
      0.00000007
      0.00000006
      0.00000006
      0.00000006
      0.00000006
      0.00000006
      0.00000005
      0.00000005
      0.00000005
      0.00000005
      0.00000005
      0.00000005
      0.00000005
      0.00000004
      0.00000004
      0.00000004
      0.00000004
      0.00000004
      0.00000004
      0.00000004
      0.00000004
      0.00000004
      0.00000003
      0.00000003
      0.00000003
      0.00000003
      0.00000003
      0.00000003
      0.00000003
      0.00000003
      0.00000003
      0.00000003
      0.00000003
      0.00000003
      0.00000002
      0.00000002
