      0.00131036
      0.00125437
      0.00119959
      0.00114604
      0.00109372
      0.00104265
      0.00099282
      0.00094426
      0.00089696
      0.00085093
      0.00080619
      0.00076273
      0.00072056
      0.00067968
      0.00064010
      0.00060182
      0.00056484
      0.00052916
      0.00049477
      0.00046169
      0.00042990
      0.00039940
      0.00037018
      0.00034224
      0.00031556
      0.00029015
      0.00026598
      0.00024305
      0.00022133
      0.00020082
      0.00018149
      0.00016333
      0.00014631
      0.00013042
      0.00011562
      0.00010188
      0.00008919
      0.00007751
      0.00006680
      0.00005703
      0.00004816
      0.00004017
      0.00003299
      0.00002660
      0.00002095
      0.00001600
      0.00001169
      0.00000799
      0.00000484
      0.00000219
     -0.00000000
     -0.00000179
     -0.00000322
     -0.00000433
     -0.00000519
     -0.00000582
     -0.00000627
     -0.00000657
     -0.00000677
     -0.00000689
     -0.00000696
     -0.00000699
     -0.00000701
     -0.00000701
     -0.00000701
     -0.00000701
