     -0.54489753
     -0.52342503
     -0.50208403
     -0.48086570
     -0.45976101
     -0.43876092
     -0.41785592
     -0.39703632
     -0.37629227
     -0.35561342
     -0.33498911
     -0.31440824
     -0.29385941
     -0.27333056
     -0.25280906
     -0.23228182
     -0.21173492
     -0.19115364
     -0.17052259
     -0.14982525
     -0.12904403
     -0.10816034
     -0.08715406
     -0.06600364
     -0.04468585
     -0.02317544
     -0.00144543
      0.02053398
      0.04279517
      0.06537365
      0.08830845
      0.11164279
      0.13542410
      0.15970559
      0.18454647
      0.21001312
      0.23618024
      0.26313230
      0.29096543
      0.31978865
      0.34972781
      0.38092771
      0.41355636
      0.44780985
      0.48391880
      0.52215542
      0.56284501
      0.60637853
      0.65323036
      0.70398206
      0.75935444
      0.82025247
      0.88782636
      0.96356409
      1.04942264
      1.14802971
      1.26299803
      1.39943582
      1.56480564
      1.77046646
      2.03459087
      2.38817927
      2.88880404
      3.65685213
      4.99328704
      7.92151425
