     -4.61028683
     -1.79214908
     -0.85246161
     -0.38235531
     -0.10006812
      0.08830859
      0.22301302
      0.32415916
      0.40292007
      0.46599859
      0.51766058
      0.56075056
      0.59723872
      0.62853327
      0.65566758
      0.67941761
      0.70037726
      0.71900900
      0.73567851
      0.75067860
      0.76424672
      0.77657736
      0.78783139
      0.79814310
      0.80762537
      0.81637385
      0.82447012
      0.83198419
      0.83897640
      0.84549914
      0.85159810
      0.85731320
      0.86267959
      0.86772832
      0.87248682
      0.87697955
      0.88122830
      0.88525254
      0.88906979
      0.89269578
      0.89614471
      0.89942941
      0.90256152
      0.90555164
      0.90840937
      0.91114351
      0.91376210
      0.91627247
      0.91868138
      0.92099504
      0.92321915
      0.92535898
      0.92741939
      0.92940488
      0.93131963
      0.93316747
      0.93495200
      0.93667657
      0.93834427
      0.93995800
      0.94152046
      0.94303418
      0.94450151
      0.94592467
      0.94730572
      0.94864660
      0.94994917
      0.95121511
      0.95244603
      0.95364347
      0.95480885
      0.95594352
      0.95704876
      0.95812578
      0.95917571
      0.96019962
      0.96119854
      0.96217343
      0.96312522
      0.96405477
      0.96496290
      0.96585040
      0.96671803
      0.96756648
      0.96839643
      0.96920854
      0.97000341
      0.97078163
      0.97154374
      0.97229030
      0.97302179
      0.97373873
      0.97444156
      0.97513073
      0.97580667
      0.97646979
      0.97712047
      0.97775910
      0.97838603
      0.97900160
      0.97960615
      0.98020000
      0.98078344
      0.98135678
      0.98192029
      0.98247425
      0.98301891
      0.98355453
      0.98408136
      0.98459962
      0.98510953
      0.98561132
      0.98610519
      0.98659134
      0.98706997
      0.98754127
      0.98800541
      0.98846258
      0.98891294
      0.98935665
