      0.00000255
      0.00000268
      0.00000282
      0.00000296
      0.00000312
      0.00000328
      0.00000345
      0.00000364
      0.00000383
      0.00000404
      0.00000426
      0.00000450
      0.00000475
      0.00000501
      0.00000529
      0.00000560
      0.00000592
      0.00000626
      0.00000662
      0.00000701
      0.00000743
      0.00000788
      0.00000835
      0.00000886
      0.00000941
      0.00000999
      0.00001062
      0.00001129
      0.00001201
      0.00001279
      0.00001362
      0.00001452
      0.00001548
      0.00001652
      0.00001765
      0.00001886
      0.00002016
      0.00002158
      0.00002311
      0.00002476
      0.00002656
      0.00002850
      0.00003062
      0.00003291
      0.00003541
      0.00003813
      0.00004110
      0.00004433
      0.00004787
      0.00005174
      0.00005597
      0.00006061
      0.00006571
      0.00007131
      0.00007747
      0.00008426
      0.00009176
      0.00010004
      0.00010921
      0.00011937
      0.00013065
      0.00014320
      0.00015719
      0.00017279
      0.00019024
      0.00020978
      0.00023172
      0.00025640
      0.00028423
      0.00031566
      0.00035126
      0.00039168
      0.00043769
      0.00049020
      0.00055030
      0.00061930
      0.00069875
      0.00079055
      0.00089697
      0.00102079
      0.00116543
      0.00133507
      0.00153489
      0.00177134
      0.00205251
      0.00238861
      0.00279260
      0.00328109
      0.00387553
      0.00460387
      0.00550285
      0.00662127
      0.00802463
      0.00980175
      0.01207456
      0.01501234
      0.01885281
      0.02393345
      0.03073762
      0.03996111
