      0.00147957
      0.00121607
      0.00094096
      0.00071431
      0.00053989
      0.00040867
      0.00031050
      0.00023692
      0.00018149
      0.00013945
      0.00010734
      0.00008262
      0.00006345
      0.00004848
      0.00003670
      0.00002738
      0.00001994
      0.00001398
      0.00000917
      0.00000527
      0.00000208
     -0.00000053
     -0.00000269
     -0.00000447
     -0.00000596
     -0.00000720
     -0.00000824
     -0.00000912
     -0.00000986
     -0.00001049
     -0.00001103
     -0.00001148
     -0.00001187
     -0.00001220
     -0.00001248
     -0.00001273
     -0.00001293
     -0.00001311
     -0.00001325
     -0.00001338
     -0.00001348
     -0.00001357
     -0.00001364
     -0.00001369
     -0.00001373
     -0.00001377
     -0.00001379
     -0.00001380
     -0.00001380
     -0.00001379
     -0.00001378
     -0.00001376
     -0.00001374
     -0.00001371
     -0.00001367
     -0.00001363
     -0.00001359
     -0.00001354
     -0.00001349
     -0.00001343
     -0.00001338
     -0.00001332
