     -0.06608838
     -0.06072921
     -0.05541700
     -0.05015083
     -0.04492966
     -0.03975260
     -0.03461871
     -0.02952686
     -0.02447609
     -0.01946531
     -0.01449341
     -0.00955929
     -0.00466175
      0.00020046
      0.00502861
      0.00982412
      0.01458838
      0.01932291
      0.02402937
      0.02870951
      0.03336521
      0.03799851
      0.04261157
      0.04720681
      0.05178686
      0.05635468
      0.06091341
      0.06546685
      0.07001838
      0.07457303
      0.07913568
      0.08371201
      0.08830856
      0.09293279
      0.09759331
      0.10230005
      0.10706466
      0.11190080
      0.11682461
      0.12185541
      0.12701613
      0.13233488
      0.13784579
      0.14359114
      0.14962374
      0.15601028
      0.16283658
      0.17021434
      0.17829164
      0.18727043
      0.19742994
      0.20917057
      0.22308587
      0.24009461
      0.26169824
      0.29053312
      0.33169985
