      0.00033209
      0.00032803
      0.00032393
      0.00031980
      0.00031563
      0.00031143
      0.00030720
      0.00030293
      0.00029862
      0.00029427
      0.00028989
      0.00028547
      0.00028100
      0.00027650
      0.00027195
      0.00026736
      0.00026273
      0.00025805
      0.00025332
      0.00024855
      0.00024372
      0.00023885
      0.00023393
      0.00022895
      0.00022392
      0.00021883
      0.00021368
      0.00020848
      0.00020321
      0.00019788
      0.00019249
      0.00018702
      0.00018149
      0.00017589
      0.00017021
      0.00016445
      0.00015862
      0.00015270
      0.00014670
      0.00014060
      0.00013441
      0.00012813
      0.00012174
      0.00011525
      0.00010865
      0.00010193
      0.00009509
      0.00008812
      0.00008101
      0.00007377
      0.00006638
      0.00005883
      0.00005112
      0.00004323
      0.00003517
      0.00002692
      0.00001850
