    -14.36020195
    -14.34698382
    -14.33451150
    -14.32271311
    -14.31152639
    -14.30089701
    -14.29077735
    -14.28112535
    -14.27190389
    -14.26307987
    -14.25462373
    -14.24650903
    -14.23871193
    -14.23121092
    -14.22398656
    -14.21702117
    -14.21029862
    -14.20380427
    -14.19752464
    -14.19144740
    -14.18556120
    -14.17985561
    -14.17432098
    -14.16894837
    -14.16372955
    -14.15865682
    -14.15372304
    -14.14892160
    -14.14424628
    -14.13969129
    -14.13525124
    -14.13092105
    -14.12669597
    -14.12257153
    -14.11854352
    -14.11460803
    -14.11076133
    -14.10699990
    -14.10332043
    -14.09971979
    -14.09619501
    -14.09274332
    -14.08936204
    -14.08604865
    -14.08280077
    -14.07961611
    -14.07649252
    -14.07342793
    -14.07042040
    -14.06746807
