      0.00010305
      0.00010596
      0.00010897
      0.00011210
      0.00011533
      0.00011868
      0.00012216
      0.00012576
      0.00012950
      0.00013338
      0.00013741
      0.00014159
      0.00014593
      0.00015043
      0.00015512
      0.00015999
      0.00016505
      0.00017031
      0.00017579
      0.00018149
      0.00018743
      0.00019361
      0.00020005
      0.00020676
      0.00021375
      0.00022105
      0.00022866
      0.00023660
      0.00024490
      0.00025356
      0.00026262
      0.00027208
      0.00028197
      0.00029233
      0.00030317
      0.00031451
      0.00032640
      0.00033886
      0.00035192
      0.00036562
      0.00038001
      0.00039511
      0.00041097
      0.00042765
      0.00044518
      0.00046363
      0.00048305
      0.00050351
      0.00052507
      0.00054780
      0.00057179
      0.00059711
      0.00062385
      0.00065212
      0.00068201
      0.00071364
      0.00074713
      0.00078262
      0.00082024
      0.00086015
      0.00090251
      0.00094752
      0.00099535
      0.00104622
      0.00110036
      0.00115802
      0.00121945
      0.00128496
      0.00135484
      0.00142944
      0.00150911
      0.00159423
      0.00168522
      0.00178250
      0.00188654
      0.00199782
      0.00211682
      0.00224405
      0.00238001
      0.00252516
      0.00267992
      0.00284461
      0.00301943
      0.00320431
      0.00339888
      0.00360225
      0.00381282
      0.00402793
      0.00424345
      0.00445308
      0.00464745
      0.00481279
      0.00492902
      0.00496706
      0.00488511
      0.00462356
      0.00409869
      0.00319646
      0.00177044
     -0.00034486
