      0.21664359
      0.08119471
     -0.04704417
     -0.16942102
     -0.28687466
     -0.40010376
     -0.50965136
     -0.61595111
     -0.71935708
     -0.82016343
     -0.91861774
     -1.01492975
     -1.10928037
     -1.20182628
     -1.29270342
     -1.38203198
     -1.46991820
     -1.55645577
     -1.64172914
     -1.72581413
     -1.80877839
     -1.89068385
     -1.97158658
     -2.05153796
     -2.13058429
     -2.20876874
     -2.28613108
     -2.36270730
     -2.43853140
     -2.51363490
     -2.58804646
     -2.66179339
     -2.73490123
     -2.80739321
     -2.87929171
     -2.95061755
     -3.02139029
     -3.09162878
     -3.16134954
     -3.23056940
     -3.29930386
     -3.36756762
     -3.43537459
     -3.50273840
     -3.56967078
     -3.63618408
     -3.70228968
     -3.76799841
     -3.83332062
     -3.89826618
     -3.96284490
     -4.02706506
     -4.09093567
     -4.15446502
     -4.21766107
     -4.28053141
     -4.34308376
     -4.40532439
     -4.46726044
     -4.52889843
     -4.59024461
     -4.65130503
     -4.71208551
     -4.77259202
     -4.83282925
     -4.89280280
     -4.95251772
     -5.01197891
     -5.07119107
     -5.13015914
     -5.18888684
     -5.24737882
     -5.30563920
     -5.36367202
     -5.42148118
     -5.47907081
     -5.53644390
     -5.59360435
     -5.65055563
     -5.70730110
     -5.76384404
     -5.82018762
     -5.87633527
     -5.93228932
     -5.98805304
     -6.04362929
     -6.09902082
     -6.15423036
     -6.20926052
     -6.26411389
     -6.31879295
     -6.37330081
     -6.42763854
     -6.48180911
     -6.53581480
     -6.58965781
     -6.64334031
     -6.69686441
     -6.75023218
     -6.80344561
     -6.85650670
     -6.90941736
     -6.96217947
     -7.01479488
     -7.06726601
     -7.11959337
     -7.17177932
     -7.22382555
     -7.27573370
     -7.32750538
     -7.37914221
     -7.43064573
     -7.48201746
     -7.53325888
     -7.58437146
     -7.63535664
     -7.68621581
     -7.73695094
     -7.78756221
     -7.83805154
     -7.88842022
     -7.93866952
     -7.98880071
     -8.03881503
     -8.08871365
     -8.13849777
     -8.18816855
     -8.23772715
     -8.28717463
     -8.33651223
     -8.38574148
     -8.43486234
     -8.48387642
     -8.53278477
     -8.58158838
     -8.63028825
     -8.67888536
     -8.72738068
     -8.77577513
     -8.82406967
     -8.87226520
     -8.92036265
     -8.96836287
     -9.01626730
     -9.06407566
     -9.11178938
     -9.15940927
     -9.20693617
     -9.25437088
     -9.30171419
     -9.34896688
     -9.39612973
     -9.44320349
     -9.49018890
     -9.53708672
     -9.58389821
     -9.63062297
     -9.67726228
     -9.72381682
     -9.77028728
     -9.81667433
     -9.86297864
     -9.90920086
     -9.95534164
    -10.00140162
    -10.04738142
    -10.09328167
    -10.13910298
    -10.18484650
    -10.23051173
    -10.27609980
    -10.32161129
    -10.36704678
    -10.41240683
    -10.45769200
    -10.50290283
    -10.54803987
    -10.59310366
    -10.63809471
    -10.68301357
    -10.72786073
    -10.77263725
    -10.81734255
    -10.86197767
    -10.90654310
    -10.95103932
    -10.99546681
    -11.03982605
    -11.08411749
    -11.12834161
    -11.17249885
    -11.21658954
    -11.26061438
    -11.30457369
    -11.34846789
    -11.39229741
    -11.43606269
    -11.47976413
    -11.52340215
    -11.56697712
    -11.61049057
    -11.65394079
    -11.69732922
    -11.74065621
    -11.78392217
    -11.82712748
    -11.87027253
    -11.91335770
    -11.95638334
    -11.99934982
    -12.04225750
    -12.08510676
    -12.12789793
    -12.17063138
    -12.21330744
    -12.25592647
    -12.29848879
    -12.34099476
    -12.38344469
    -12.42583893
    -12.46817778
    -12.51046152
    -12.55269068
    -12.59486529
    -12.63698578
    -12.67905259
    -12.72106685
    -12.76302693
    -12.80493358
    -12.84678806
    -12.88859102
    -12.93034133
    -12.97203991
