     -6.90941770
     -6.85650700
     -6.80344586
     -6.75023237
     -6.69686457
     -6.64334041
     -6.58965785
     -6.53581480
     -6.48180907
     -6.42763845
     -6.37330065
     -6.31879340
     -6.26411429
     -6.20926085
     -6.15423069
     -6.09902107
     -6.04362945
     -5.98805321
     -5.93228940
     -5.87633535
     -5.82018795
     -5.76384429
     -5.70730135
     -5.65055580
     -5.59360443
     -5.53644398
     -5.47907089
     -5.42148144
     -5.36367228
     -5.30563946
     -5.24737891
     -5.18888693
     -5.13015923
     -5.07119134
     -5.01197917
     -4.95251799
     -4.89280289
     -4.83282934
     -4.77259211
     -4.71208596
     -4.65130531
     -4.59024489
     -4.52889870
     -4.46726054
     -4.40532448
     -4.34308385
     -4.28053169
     -4.21766135
     -4.15446531
     -4.09093576
     -4.02706515
     -3.96284500
     -3.89826666
     -3.83332111
     -3.76799851
     -3.70228978
     -3.63618418
     -3.56967088
     -3.50273850
     -3.43537510
     -3.36756772
     -3.29930396
     -3.23056950
     -3.16134964
     -3.09162889
     -3.02139082
     -2.95061808
     -2.87929182
     -2.80739332
     -2.73490134
     -2.66179372
     -2.58804679
     -2.51363524
     -2.43853152
     -2.36270742
     -2.28613119
     -2.20876909
     -2.13058464
     -2.05153831
     -1.97158718
     -1.89068397
     -1.80877851
     -1.72581426
     -1.64172952
     -1.55645616
     -1.46991859
     -1.38203211
     -1.29270356
     -1.20182642
     -1.10928079
     -1.01493018
     -0.91861818
     -0.82016358
     -0.71935723
     -0.61595126
     -0.50965168
     -0.40010426
     -0.28687517
     -0.16942174
     -0.04704436
