      0.00025007
      0.00024117
      0.00023263
      0.00022442
      0.00021654
      0.00020896
      0.00020168
      0.00019469
      0.00018796
      0.00018149
      0.00017527
      0.00016928
      0.00016352
      0.00015798
      0.00015264
      0.00014750
      0.00014255
      0.00013778
      0.00013319
      0.00012876
      0.00012449
      0.00012038
      0.00011641
      0.00011258
      0.00010890
      0.00010534
      0.00010190
      0.00009859
      0.00009539
      0.00009230
      0.00008931
      0.00008643
      0.00008365
      0.00008096
      0.00007837
      0.00007586
      0.00007343
      0.00007109
      0.00006882
      0.00006663
      0.00006451
      0.00006246
      0.00006047
      0.00005855
      0.00005670
      0.00005490
      0.00005316
      0.00005147
      0.00004984
      0.00004826
      0.00004673
      0.00004525
      0.00004381
      0.00004242
      0.00004107
      0.00003977
      0.00003850
      0.00003727
      0.00003608
      0.00003493
      0.00003381
      0.00003272
      0.00003167
      0.00003065
      0.00002966
      0.00002869
      0.00002776
      0.00002685
      0.00002597
      0.00002512
      0.00002429
      0.00002349
      0.00002270
      0.00002194
      0.00002121
      0.00002049
      0.00001979
      0.00001912
      0.00001846
      0.00001782
      0.00001720
      0.00001660
      0.00001601
      0.00001544
      0.00001488
      0.00001434
      0.00001382
      0.00001331
      0.00001281
      0.00001233
      0.00001186
      0.00001140
      0.00001096
      0.00001052
      0.00001010
      0.00000969
      0.00000929
      0.00000890
      0.00000852
      0.00000815
      0.00000779
      0.00000744
      0.00000710
      0.00000677
      0.00000645
      0.00000613
      0.00000583
      0.00000553
      0.00000524
      0.00000495
      0.00000467
      0.00000440
      0.00000414
      0.00000388
      0.00000363
      0.00000339
      0.00000315
      0.00000292
      0.00000269
      0.00000247
      0.00000226
      0.00000205
      0.00000185
      0.00000165
      0.00000145
      0.00000126
      0.00000107
      0.00000089
      0.00000071
      0.00000054
      0.00000037
      0.00000021
      0.00000005
     -0.00000011
     -0.00000026
     -0.00000041
     -0.00000056
     -0.00000070
     -0.00000084
     -0.00000098
     -0.00000111
     -0.00000124
     -0.00000137
     -0.00000149
     -0.00000161
     -0.00000173
     -0.00000185
     -0.00000196
