     -0.00915720
     -0.00679500
     -0.00509284
     -0.00385154
     -0.00293569
     -0.00225252
     -0.00173775
     -0.00134632
     -0.00104621
     -0.00081442
     -0.00063420
     -0.00049327
     -0.00038250
     -0.00029504
     -0.00022574
     -0.00017065
     -0.00012674
     -0.00009170
     -0.00006369
     -0.00004131
     -0.00002343
     -0.00000916
      0.00000219
      0.00001118
      0.00001826
      0.00002379
      0.00002807
      0.00003133
      0.00003376
      0.00003552
      0.00003673
      0.00003749
      0.00003790
      0.00003802
      0.00003791
      0.00003762
      0.00003718
      0.00003663
      0.00003599
      0.00003529
      0.00003453
      0.00003375
      0.00003294
      0.00003213
      0.00003130
      0.00003048
      0.00002967
      0.00002887
      0.00002809
      0.00002732
      0.00002657
      0.00002584
      0.00002514
      0.00002446
      0.00002380
      0.00002317
      0.00002255
      0.00002197
      0.00002140
      0.00002086
      0.00002034
      0.00001985
      0.00001938
      0.00001893
      0.00001850
      0.00001809
      0.00001770
      0.00001733
      0.00001699
      0.00001666
      0.00001635
      0.00001606
      0.00001579
      0.00001554
      0.00001530
      0.00001509
      0.00001489
      0.00001471
      0.00001455
      0.00001442
      0.00001430
      0.00001420
      0.00001412
      0.00001406
      0.00001403
      0.00001402
      0.00001404
      0.00001409
      0.00001417
      0.00001428
      0.00001444
      0.00001464
      0.00001488
      0.00001519
      0.00001556
      0.00001602
      0.00001657
      0.00001724
      0.00001806
      0.00001908
      0.00002034
      0.00002195
      0.00002405
      0.00002685
      0.00003075
      0.00003654
      0.00004592
      0.00006357
      0.00010870
      0.00046216
     -0.00018509
     -0.00007394
     -0.00004499
     -0.00003170
     -0.00002410
     -0.00001919
     -0.00001577
     -0.00001325
     -0.00001133
