      0.08725901
      0.11084680
      0.13473465
      0.15883338
      0.18308135
      0.20743588
      0.23186730
      0.25635462
      0.28088286
      0.30544133
      0.33002226
      0.35461979
      0.37922973
      0.40384899
      0.42847503
      0.45310615
      0.47774104
      0.50237853
      0.52701788
      0.55165858
      0.57630001
      0.60094189
      0.62558396
      0.65022607
      0.67486795
      0.69950955
      0.72415085
      0.74879166
      0.77343201
      0.79807195
      0.82271132
      0.84735020
      0.87198865
      0.89662653
      0.92126394
      0.94590089
      0.97053739
      0.99517362
      1.01980928
      1.04444456
      1.06907947
      1.09371403
      1.11834826
      1.14298233
      1.16761596
      1.19224932
      1.21688242
      1.24151529
      1.26614793
      1.29078037
      1.31541276
      1.34004484
      1.36467675
      1.38930851
      1.41394014
      1.43857165
      1.46320319
      1.48783448
      1.51246569
      1.53709681
      1.56172787
      1.58635886
      1.61098980
      1.63562084
      1.66025170
      1.68488254
      1.70951334
      1.73414414
      1.75877492
      1.78340585
      1.80803663
      1.83266742
      1.85729822
      1.88192904
      1.90655989
      1.93119091
      1.95582181
      1.98045275
      2.00508373
      2.02971475
      2.05434582
      2.07897693
      2.10360824
      2.12823947
      2.15287075
      2.17750209
      2.20213349
      2.22676496
      2.25139650
      2.27602810
      2.30065978
      2.32529182
      2.34992365
      2.37455555
      2.39918753
      2.42381959
      2.44845173
      2.47308396
      2.49771626
      2.52234866
      2.54698114
      2.57161370
      2.59624636
      2.62087910
      2.64551223
      2.67014515
      2.69477817
      2.71941127
      2.74404447
      2.76867780
      2.79331119
      2.81794468
      2.84257827
      2.86721195
      2.89184572
      2.91647959
      2.94111355
      2.96574790
      2.99038206
      3.01501632
      3.03965067
      3.06428513
      3.08891968
      3.11355432
      3.13818907
      3.16282392
      3.18745886
      3.21209391
      3.23672908
      3.26136430
      3.28599994
      3.31063538
      3.33527092
      3.35990657
      3.38454230
      3.40917814
      3.43381408
      3.45845012
      3.48308626
      3.50772250
      3.53235883
      3.55699525
      3.58163178
      3.60626870
      3.63090543
      3.65554225
      3.68017917
      3.70481619
      3.72945331
      3.75409052
      3.77872783
      3.80336524
      3.82800275
      3.85264035
      3.87727805
      3.90191614
      3.92655403
      3.95119202
      3.97583010
      4.00046828
      4.02510655
      4.04974492
      4.07438338
      4.09902194
      4.12366059
      4.14829934
      4.17293817
      4.19757711
      4.22221643
      4.24685554
      4.27149476
      4.29613406
      4.32077346
      4.34541294
      4.37005252
      4.39469219
      4.41933195
      4.44397181
      4.46861175
      4.49325178
      4.51789191
      4.54253241
      4.56717272
      4.59181311
      4.61645359
      4.64109416
      4.66573482
      4.69037557
      4.71501641
      4.73965733
      4.76429834
      4.78893950
      4.81358068
      4.83822195
      4.86286331
      4.88750475
      4.91214628
      4.93678790
      4.96142960
      4.98607130
      5.01071375
      5.03535571
      5.05999781
      5.08463993
      5.10928213
      5.13392441
      5.15856678
      5.18320923
      5.20785176
      5.23249437
      5.25713707
      5.28177985
      5.30642270
      5.33106564
      5.35570866
      5.38035176
      5.40499494
      5.42963820
      5.45428153
      5.47892494
      5.50356843
      5.52821279
      5.55285496
      5.57749942
      5.60214332
      5.62678713
      5.65143168
      5.67607572
      5.70071999
      5.72536424
      5.75000831
      5.77465266
      5.79929708
