      2.11490900
      2.11364904
      2.11239017
      2.11113238
      2.10987566
      2.10862003
      2.10736547
      2.10611198
      2.10485958
      2.10360824
      2.10235798
      2.10110879
      2.09986067
      2.09861363
      2.09736764
      2.09612273
      2.09487888
      2.09363610
      2.09239438
      2.09115372
      2.08991413
      2.08867560
      2.08743812
      2.08620170
      2.08496634
      2.08373204
      2.08249879
      2.08126660
      2.08003546
      2.07880537
      2.07757633
      2.07634834
      2.07512140
      2.07389551
      2.07267066
      2.07144686
      2.07022410
      2.06900239
      2.06778174
      2.06656209
      2.06534350
      2.06412595
      2.06290945
      2.06169395
      2.06047951
      2.05926610
      2.05805373
      2.05684239
      2.05563207
      2.05442280
      2.05321454
      2.05200732
      2.05080112
      2.04959596
      2.04839181
      2.04718869
      2.04598659
      2.04478552
      2.04358546
      2.04238642
      2.04118841
      2.03999141
      2.03879542
      2.03760047
      2.03640651
      2.03521356
      2.03402163
      2.03283072
      2.03164081
      2.03045191
      2.02926402
      2.02807714
      2.02689123
      2.02570639
      2.02452253
      2.02333967
      2.02215780
      2.02097694
      2.01979709
      2.01861822
      2.01744036
      2.01626347
      2.01508762
      2.01391274
      2.01273886
      2.01156596
      2.01039407
      2.00922316
      2.00805324
      2.00688431
      2.00571637
      2.00454941
      2.00338344
      2.00221846
      2.00105446
      1.99989143
      1.99872939
      1.99756834
      1.99640826
      1.99524916
      1.99409103
      1.99293389
      1.99177772
      1.99062252
      1.98946830
      1.98831505
      1.98716277
      1.98601146
      1.98486112
      1.98371176
      1.98256335
      1.98141591
      1.98026945
      1.97912394
      1.97797940
      1.97683581
      1.97569320
      1.97455154
      1.97341084
      1.97227110
      1.97113232
      1.96999449
      1.96885762
      1.96772170
      1.96658674
      1.96545273
      1.96431967
      1.96318756
      1.96205640
      1.96092621
      1.95979694
      1.95866863
      1.95754126
      1.95641483
      1.95528935
      1.95416481
      1.95304122
      1.95191858
      1.95079687
      1.94967609
      1.94855625
      1.94743735
      1.94631939
      1.94520236
      1.94408628
      1.94297112
      1.94185689
      1.94074359
