    -14.12669597
    -14.12669597
    -14.12669597
    -14.12669597
    -14.12669597
    -14.12669597
    -14.12669597
    -14.12669597
    -14.12669597
    -14.12669597
    -14.12669594
    -14.12669597
    -14.12669597
    -14.12669597
    -14.12669597
    -14.12669597
    -14.12669597
    -14.12669597
    -14.12669597
    -14.12669597
    -14.12669597
    -14.12669597
    -14.12669597
    -14.12669597
    -14.12669597
    -14.12669597
    -14.12669597
    -14.12669597
    -14.12669597
    -14.12669597
    -14.12669597
    -14.12669597
    -14.12669597
    -14.12669597
    -14.12669597
    -14.12669597
    -14.12669597
    -14.12669597
    -14.12669597
    -14.12669597
    -14.12669597
    -14.12669597
    -14.12669597
    -14.12669597
    -14.12669597
    -14.12669597
    -14.12669597
    -14.12669597
    -14.12669597
    -14.12669597
    -14.12669597
    -14.12669597
    -14.12669597
    -14.12669597
    -14.12669597
    -14.12669597
    -14.12669597
    -14.12669597
    -14.12669597
    -14.12669597
    -14.12669597
    -14.12669597
    -14.12669597
    -14.12669597
    -14.12669597
    -14.12669597
    -14.12669597
    -14.12669597
    -14.12669597
    -14.12669597
    -14.12669597
    -14.12669597
    -14.12669597
    -14.12669597
    -14.12669597
    -14.12669597
    -14.12669597
    -14.12669597
    -14.12669597
    -14.12669597
    -14.12669597
    -14.12669597
    -14.12669597
    -14.12669597
    -14.12669597
    -14.12669597
    -14.12669597
    -14.12669597
    -14.12669597
    -14.12669597
    -14.12669597
    -14.12669597
    -14.12669597
    -14.12669597
    -14.12669597
    -14.12669597
    -14.12669597
    -14.12669597
    -14.12669597
    -14.12669597
    -14.12669597
    -14.12669597
    -14.12669597
    -14.12669597
    -14.12669598
    -14.12669598
    -14.12669597
    -14.12669597
    -14.12669597
    -14.12669597
    -14.12669597
    -14.12669597
    -14.12669597
    -14.12669597
    -14.12669597
    -14.12669597
    -14.12669597
    -14.12669597
    -14.12669597
