     -0.00046465
     -0.00043339
     -0.00040332
     -0.00037442
     -0.00034668
     -0.00032010
     -0.00029466
     -0.00027035
     -0.00024715
     -0.00022506
     -0.00020406
     -0.00018412
     -0.00016524
     -0.00014740
     -0.00013058
     -0.00011476
     -0.00009992
     -0.00008604
     -0.00007310
     -0.00006107
     -0.00004994
     -0.00003967
     -0.00003024
     -0.00002162
     -0.00001380
     -0.00000673
     -0.00000039
      0.00000524
      0.00001021
      0.00001454
      0.00001826
      0.00002141
      0.00002402
      0.00002612
      0.00002775
      0.00002895
      0.00002975
      0.00003018
      0.00003029
      0.00003011
      0.00002968
      0.00002903
      0.00002821
      0.00002726
      0.00002622
      0.00002515
      0.00002409
      0.00002311
      0.00002232
      0.00002189
      0.00002212
      0.00002384
      0.00003005
      0.00007088
     -0.00003883
     -0.00000929
     -0.00000359
     -0.00000154
     -0.00000067
     -0.00000027
     -0.00000010
     -0.00000003
     -0.00000001
     -0.00000000
     -0.00000000
     -0.00000000
