      0.71174376
      0.70346966
      0.67005709
      0.62937509
      0.58824621
      0.54929446
      0.51342092
      0.48079545
      0.45128080
      0.42462176
      0.40053072
      0.37872633
      0.35894871
      0.34096502
      0.32457004
      0.30958399
      0.29585004
      0.28323180
      0.27161024
      0.26088151
      0.25095489
      0.24175081
      0.23319933
      0.22523882
      0.21781489
      0.21087928
      0.20438913
      0.19830629
      0.19259666
      0.18722968
      0.18217796
      0.17741683
      0.17292404
      0.16867950
      0.16466499
      0.16086397
      0.15726140
      0.15384354
      0.15059795
      0.14751314
      0.14457863
      0.14178479
      0.13912275
      0.13658444
      0.13416229
      0.13184938
      0.12963931
      0.12752612
      0.12550432
      0.12356881
      0.12171482
      0.11993796
      0.11823409
      0.11659938
      0.11503025
      0.11352335
      0.11207553
      0.11068388
      0.10934563
      0.10805822
      0.10681921
      0.10562632
      0.10447743
      0.10337049
      0.10230362
      0.10127503
      0.10028303
      0.09932601
      0.09840247
      0.09751097
      0.09665017
      0.09581875
      0.09501557
      0.09423944
      0.09348929
      0.09276405
      0.09206277
      0.09138450
      0.09072834
      0.09009346
      0.08947905
      0.08888434
      0.08830859
      0.08775112
      0.08721125
      0.08668836
      0.08618183
      0.08569108
      0.08521556
      0.08475474
      0.08430811
      0.08387518
      0.08345550
      0.08304862
      0.08265411
      0.08227156
      0.08190059
      0.08154080
      0.08119185
      0.08085339
      0.08052507
      0.08020660
      0.07989765
      0.07959792
      0.07930715
      0.07902504
      0.07875135
      0.07848582
      0.07822819
      0.07797829
      0.07773580
      0.07750054
      0.07727254
      0.07705113
      0.07683634
      0.07662799
      0.07642589
      0.07622960
      0.07603948
      0.07585510
      0.07567630
      0.07550294
      0.07533485
      0.07517186
      0.07501391
      0.07486083
      0.07471249
      0.07456876
      0.07442964
      0.07429468
      0.07416406
      0.07403759
      0.07391516
      0.07379668
      0.07368202
      0.07357111
      0.07346384
      0.07336013
      0.07325991
      0.07316304
      0.07306946
      0.07297914
      0.07289173
      0.07280753
      0.07272633
      0.07264804
      0.07257261
      0.07249994
      0.07242999
      0.07236268
      0.07229795
      0.07223574
      0.07217600
      0.07211866
      0.07206366
      0.07201096
      0.07196050
      0.07191224
      0.07186611
      0.07182207
      0.07178008
      0.07174008
      0.07170203
      0.07166590
      0.07163263
      0.07159918
      0.07156852
      0.07153961
      0.07151240
      0.07148685
      0.07146295
      0.07144063
      0.07141988
      0.07140066
      0.07138293
      0.07136667
      0.07135184
      0.07133840
      0.07132634
      0.07131563
      0.07130622
      0.07129811
      0.07129125
      0.07128562
      0.07128120
      0.07127796
      0.07127588
      0.07127493
      0.07127508
      0.07127632
      0.07127861
      0.07128214
      0.07128649
      0.07129185
      0.07129818
      0.07130547
      0.07131369
      0.07132284
      0.07133288
      0.07134378
      0.07135555
      0.07136818
      0.07138170
      0.07139598
      0.07141105
      0.07142691
      0.07144353
      0.07146087
      0.07147898
      0.07149780
      0.07151733
      0.07153756
      0.07155845
      0.07158002
      0.07160223
      0.07162508
      0.07164855
      0.07167264
      0.07169732
      0.07172259
      0.07174845
      0.07177565
      0.07180147
      0.07182945
      0.07185750
      0.07188607
      0.07191517
      0.07194475
      0.07197559
      0.07200652
      0.07203642
      0.07206793
      0.07209989
