      0.00000000
      0.00000002
      0.00000023
      0.00000105
      0.00000308
      0.00000701
      0.00001354
      0.00002327
      0.00003668
      0.00005415
      0.00007595
      0.00010221
      0.00013300
      0.00016830
      0.00020803
      0.00025205
      0.00030020
      0.00035227
      0.00040806
      0.00046732
      0.00052983
      0.00059535
      0.00066363
      0.00073443
      0.00080754
      0.00088273
      0.00095979
      0.00103851
      0.00111870
      0.00120017
      0.00128277
      0.00136631
      0.00145066
      0.00153567
      0.00162120
      0.00170713
      0.00179336
      0.00187976
      0.00196624
      0.00205272
      0.00213910
      0.00222531
      0.00231128
      0.00239695
      0.00248225
      0.00256713
      0.00265154
      0.00273543
      0.00281877
      0.00290152
      0.00298364
      0.00306511
      0.00314589
      0.00322597
      0.00330532
      0.00338392
      0.00346176
      0.00353883
      0.00361510
      0.00369058
      0.00376526
      0.00383911
      0.00391215
      0.00398437
      0.00405576
      0.00412632
      0.00419605
      0.00426495
      0.00433303
      0.00440027
      0.00446670
      0.00453230
      0.00459709
      0.00466107
      0.00472423
      0.00478660
      0.00484817
      0.00490895
      0.00496894
      0.00502816
      0.00508661
      0.00514430
      0.00520123
      0.00525741
      0.00531286
      0.00536757
      0.00542156
      0.00547483
      0.00552739
      0.00557926
      0.00563043
      0.00568093
      0.00573074
      0.00577989
      0.00582839
      0.00587623
      0.00592344
      0.00597001
      0.00601595
      0.00606129
      0.00610601
      0.00615013
      0.00619366
      0.00623661
      0.00627899
      0.00632079
      0.00636204
      0.00640273
      0.00644288
      0.00648250
      0.00652158
      0.00656014
      0.00659819
      0.00663573
      0.00667278
      0.00670932
      0.00674539
      0.00678097
      0.00681608
      0.00685073
