2.11016211894016
2.10931008055989
2.10846773956503
2.10763493423139
2.10681150681998
2.10599730296808
2.10519217168827
2.10439596496676
2.10360853826147
2.10282974995108
2.10205946105044
2.10129753574575
2.10054384176876
2.09979824805658
2.09906062729295
2.09833085507583
2.09760880757567
2.09689436743456
2.09618741488593
2.09548783556039
2.0947955166776
2.09411034767187
2.09343222018002
2.09276102798006
2.09209666693958
2.09143903496549
2.09078803195526
2.09014355974945
2.08950552208565
2.08887382461279
2.08824837456943
2.08762908124406
2.08701585552081
2.08640860995606
2.08580725877012
2.08521171779126
2.08462190441881
2.08403773758726
2.08345913773126
2.08288602675168
2.08231832798244
2.08175596615832
2.08119886738357
2.08064695910293
2.08010017006404
2.07955843030379
2.07902167110433
2.07848982498149
2.07796282563271
2.07744060794024
2.07692310792877
2.07641026278499
2.07590201063136
2.07539829155456
2.07489904392387
2.0744042113853
2.07391373511225
2.07342755853364
2.07294562652126
2.07246788410499
2.07199427751849
2.0715247538649
