0.0872590511154326
0.110846833211975
0.134734709336142
0.158833428475086
0.18308138818764
0.207435945405263
0.231867357725894
0.256354663526355
0.280882934984417
0.305441424743379
0.33002231488843
0.354619867995993
0.379229833369469
0.40384904605413
0.428475122120987
0.453106262354932
0.477741107509711
0.502378617871999
0.527018001072769
0.551658651687373
0.576300107591693
0.600942015964264
0.625584107927777
0.65022618151267
0.674868084753164
0.69950970625685
0.72415096397288
0.748791800928834
0.773432178490105
0.798072073171971
0.822711472093374
0.847350371396841
0.871988774088665
0.896626688070605
0.921264125347681
0.945901098469261
0.97053762783503
0.995173729907022
1.01980942381697
1.04444472911034
1.06907966564402
1.0937142532472
1.11834851155453
1.14298245990205
1.16761611713713
1.19224950163468
1.21688263119201
1.2415155230018
1.26614819362839
1.29078065899507
1.31541293438007
1.34004503441899
1.364676973112
1.38930876383447
1.41394042091855
1.4385719518872
1.46320337301929
1.48783469377441
1.51246571221935
1.53709707602026
1.56172815700196
1.58635917681278
1.61099014407442
1.63562106698167
1.66025195332192
1.68488281049401
1.70951364552647
1.73414446509511
1.75877527553985
1.78340608288097
1.8080368928346
1.83266771082748
1.8572985420112
1.88192939127559
1.90656026326166
1.93119116235588
1.95582209275699
1.98045305869467
2.00508406317301
2.02971510818609
2.0543462013369
2.07897734368061
2.10360853826147
2.12823978796566
2.15287109552896
2.17750246354406
2.20213389446754
2.2267653906264
2.25139695348162
2.2760285866106
2.30066029127131
2.32529206981146
2.34992392290663
2.3745558528078
2.39918786109498
2.42381994925724
2.44845211869326
2.47308437119121
2.49771670702975
2.52234912799209
2.5469816352042
2.57161422987304
2.59624691176882
2.6208796845612
2.64551254548479
2.67014549827601
2.69477854185145
2.71941167831721
2.74404490751955
2.76867823138018
2.79331164726991
2.81794515838499
2.84257876573256
2.86721246919385
2.89184626676576
2.91648016170488
2.9411141531811
2.96574824267399
2.99038242941462
3.01501671291979
3.03965092439709
3.0642853979467
3.08891997021288
3.11355464054658
3.13818960708388
3.16282448163171
3.18745945525942
3.21209452791469
3.23672969973456
3.26136497037776
3.28600034052543
3.31063580967393
3.33527137813953
3.35990704527454
3.3845428119091
3.409178677669
3.43381464248565
3.45845070635427
3.48308686936254
3.50772313156467
3.53235949164358
3.5569959507561
3.58163250948888
3.60626916448505
3.63090591875204
3.65554277112211
3.68017972054814
3.70481676867578
3.7294539141822
3.75409115716724
3.77872849776267
3.80336593480063
3.82800346885468
3.85264109971514
3.87727882707025
3.90191665063822
3.92655457021952
3.95119258578584
3.97583069687406
4.00046890333055
4.02510720491887
4.04974560152343
4.07438409275568
4.09902267804423
4.12366135994337
4.14830013201064
4.17293899962683
4.19757796057344
4.22221701318886
4.24685616047262
4.2714954000736
4.29613473148466
4.32077415806425
4.34541367556572
4.37005328231174
4.39469298155024
4.41933277155397
4.44397265314435
4.46861262465542
4.49325268314537
4.51789283354258
4.54253307638653
4.56717340762086
4.59181383099596
4.6164543407793
4.64109493919574
4.66573562579874
4.69037640006497
4.71501725412447
4.73965820316468
4.76429924171111
4.78894036515623
4.81358157524897
4.83822288853674
4.86286426470182
4.8875057273941
4.91214727685928
4.93678891593263
4.96143064017537
4.98607244908552
5.01071434243857
5.03535631997545
5.05999838220031
5.08464052599936
5.10928275462348
5.13392506624538
5.15856746017618
5.18320993491077
5.20785249569326
5.2324951364851
5.25713785892554
5.28178066276378
5.30642354791179
5.33106651378441
5.35570956076671
5.38035268710692
5.40499589378239
5.42963918045647
5.45428254657795
5.4789259939183
5.50356951745615
5.52821311946159
5.55285680099205
5.57750056068813
5.60214439877844
5.62678831362213
5.65143230753198
5.67607637868843
5.70072052187168
5.72536474646215
5.75000904622644
5.77465342211698
5.79929787399953
