-14.1266956753227
-14.1266956753231
-14.1266956753237
-14.1266956753246
-14.1266956753258
-14.1266956753275
-14.1266956753299
-14.1266956753335
-14.1266956753388
-14.1266956753466
-14.1266956753574
-14.1266956753711
-14.1266956753115
-14.1266956753195
-14.1266956753168
-14.126695675315
-14.1266956753287
-14.126695675324
-14.1266956752842
-14.1266956753175
-14.126695675316
-14.1266956753176
-14.1266956753161
-14.1266956753194
-14.12669567532
-14.1266956753204
-14.1266956753207
-14.1266956753208
-14.1266956753207
-14.1266956753206
-14.1266956753203
-14.1266956753199
-14.1266956753195
-14.126695675319
-14.1266956753187
-14.1266956753184
-14.1266956753183
-14.1266956753184
-14.126695675335
-14.1266956753105
-14.1266956752867
-14.1266956754414
-14.1266956753172
-14.126695675407
-14.1266956754582
-14.1266956753201
-14.1266956756345
-14.126695675233
-14.1266956753166
-14.1266956753049
-14.1266956753191
-14.1266956753071
-14.1266956753132
-14.1266956753164
-14.1266956753207
-14.126695675315
-14.1266956753252
-14.1266956753109
-14.1266956753163
-14.1266956753163
-14.1266956753164
-14.1266956753092
-14.126695675316
-14.1266956753132
-14.1266956753163
-14.1266956753163
