-0.0660885420217295
-0.0607293837381774
-0.0554171774133432
-0.050150984605988
-0.0449298561083896
-0.039752809318495
-0.0346188720537537
-0.029527031103812
-0.0244762508935512
-0.0194654681953961
-0.0144935830683669
-0.00955945748577298
-0.00466190721579764
0.000200303367474697
0.00502847123545928
0.009823960231287
0.0145882110352914
0.0193227553594288
0.0240292249825887
0.0287093648946825
0.0333650574795379
0.0379983332969853
0.0426113924041033
0.04720664544025
0.0517867241929623
0.0563545288975151
0.0609132668465413
0.0654665026630354
0.0700182171447224
0.0745728781578219
0.0791355236714851
0.0837118824853223
0.0883084373268238
0.0929326640932916
0.0975931627354545
0.102299903565043
0.107064517484518
0.11190066167939
0.116824484533188
0.121855222254173
0.127015972819148
0.132334711550084
0.137845640700789
0.143591008002654
0.149623595971153
0.156010183232012
0.16283646609236
0.170214187855724
0.17829173610622
0.187270363670463
0.197429817418697
0.209170462119372
0.22308578314429
0.240094419036142
0.261699883141297
0.290533001285966
0.33169979089479
0.396571186198716
0.517055985286362
0.835072410980953
