2.28598013781781e-10
3.88507832731334e-10
1.27591174269489e-09
1.70698308319972e-10
1.16652458443569e-08
2.6486527746527e-09
1.43916301987562e-09
2.93640751625142e-09
3.01721312383672e-10
6.58623640940163e-10
1.35562291315307e-09
2.64442652757766e-09
9.84651014323335e-09
1.48282449430172e-09
4.44596080814948e-10
1.59407902923211e-09
3.3813796273075e-10
1.13011613527652e-10
1.67653584967902e-09
5.60384608246465e-10
6.31201096937374e-09
9.21771148993081e-09
9.62304562129254e-10
4.14423025494746e-11
4.40876104509474e-10
1.30334248562463e-10
1.55089565837525e-10
4.93049822306398e-11
2.84567140352697e-10
1.78377379079672e-09
2.04756108563617e-09
2.14776387547005e-10
9.2250681897722e-10
4.19034911216528e-10
5.60499185998154e-10
1.64466839370086e-09
2.41993182006748e-09
2.48444065754072e-09
1.98728678011437e-09
1.28250450147688e-09
6.69214547744921e-10
2.62350626523845e-10
4.77962474278847e-11
1.3309842157066e-10
7.15272838228777e-09
1.87656710940759e-09
7.65552039357003e-09
3.26265218082892e-10
2.53166534416226e-09
5.02888461471587e-12
4.86730721308161e-11
7.1475722233072e-11
1.5505733362651e-10
2.60874697175296e-10
2.63091767668594e-11
3.04013931568611e-11
4.44287840754318e-09
2.3130064001087e-12
2.91481622927259e-10
5.15788309090069e-09
