4.51718472294956
4.44171309746329
4.36624379573276
4.29077686498909
4.21531234828796
4.13985033989074
4.0643908586778
3.98893397627003
3.9134797552736
3.83802826057235
3.76257956322304
3.68713373251509
3.61169083904932
3.53625097053306
3.46081420093378
3.38538061926164
3.30995031427835
3.23452338319197
3.15909992674818
3.08368004488345
3.00826385471698
2.93285147938322
2.85744302086367
2.78203863435469
2.70663845206006
2.63124262317629
2.55585130640903
2.48046467114066
2.4050828984708
2.32970618268438
2.25433473135186
2.17896876953601
2.10360853826147
2.02825429920887
1.95290633585138
1.87756495656771
1.80223049790854
1.72690332842429
1.65158385326356
1.57627251963072
1.50096982337992
1.42567631702838
1.35039261958241
1.27511942870333
1.19985753600045
1.12460784641918
1.04937140308104
0.974149419686623
0.898943325175025
0.823754821053651
0.748585965766848
0.673439291913253
0.598317982584158
0.523226143248728
0.448169244660925
0.373154892714608
0.298194288214787
0.223305350398896
0.14852076970956
0.0739169589167594
