0.216643530966814
0.0811947515650536
-0.0470442210977414
-0.169420982639967
-0.286874532084807
-0.400103725258907
-0.509651246019989
-0.615950917485689
-0.719356964988387
-0.820163394948392
-0.918617492269896
-1.01492957995131
-1.1092802694147
-1.20182598117889
-1.2927031985076
-1.38203181969849
-1.46991784640558
-1.55645548816844
-1.64172892580335
-1.72581373232775
-1.80877805176937
-1.89068357788983
-1.97158637634907
-2.05153757902669
-2.13058396954044
-2.20876848694716
-2.28613065169695
-2.36270693974332
-2.43853110078302
-2.51363443838712
-2.588046050943
-2.66179304622229
-2.73490072863303
-2.80739276351412
-2.87929132471073
-2.9506172172387
-3.02139001624449
-3.09162813812579
-3.16134895380922
-3.23056886624779
-3.29930338606914
-3.36756719870913
-3.43537422555
-3.50273767954067
-3.56967011488415
-3.63618347347775
-3.70228912629781
-3.76799791160982
-3.83332016986948
-3.89826577572104
-3.96284416738275
-4.02706437367653
-4.0909350389299
-4.15446444594986
-4.21766053096212
-4.28053093447702
-4.34308295706996
-4.40532363880042
-4.4672592097301
-4.52889777904816
-4.59024401280313
-4.65130448200427
-4.7120850068225
-4.77259120111823
-4.83282848275114
-4.89280208323052
-4.95251705675746
-5.01197828870506
-5.07119050357911
-5.13015827249774
-5.18888602022523
-5.24737803179236
-5.30563845873256
-5.36367132496103
-5.42148053232161
-5.47906986584887
-5.53644299863887
-5.59360349629684
-5.65055482286957
-5.70730033674137
-5.76384331841359
-5.82018694201718
-5.8763342993891
-5.93228839849178
-5.98805216663719
-6.04362845355152
-6.09902003428987
-6.15422961201022
-6.2092598213202
-6.26411322795088
-6.31879233542111
-6.37329958407591
-6.42763735579008
-6.48180797314785
-6.53581370346307
-6.58965676015862
-6.64333930458779
-6.69686344734482
-6.75023125168348
-6.80344473224855
-6.85650585880498
-6.90941655684672
-6.96217871013869
-7.01479415834563
-7.06726470566988
-7.11959211262514
-7.17177810570721
-7.22382437250118
-7.27573256682442
-7.32750430663732
-7.3791411798429
-7.43064473765867
-7.48201650171419
-7.53325796361243
-7.58437058683425
-7.63535580219709
-7.68621501545009
-7.73694960351593
-7.78756091834576
-7.83805028592843
-7.88841865728253
-7.9386679932141
-7.98879920980702
-8.03881353687562
-8.08871258025427
-8.1384967389329
-8.18816756333589
-8.23772619607383
-8.28717375962623
-8.33651135695869
-8.38574007136891
-8.4348609677495
-8.48387509242764
-8.53278347431029
-8.58158712412616
-8.63028703619066
-8.67888418806399
-8.72737954106595
-8.77577404064846
-8.82406861683736
-8.87226418518752
-8.92036164533207
-8.96836188272872
-9.01626577087331
-9.06407416609735
-9.11178791351722
-9.1594078449864
-9.20693477817289
-9.25436951966838
-9.30171286303268
-9.34896558978859
-9.39612847029421
-9.44320226258549
-9.49018771378495
-9.53708556004355
-9.58389652663619
-9.63062132832592
-9.67726066934237
-9.72381524404753
-9.77028573668613
-9.8166728218255
-9.86297716444382
-9.90919942029613
-9.95534023605661
-10.0014002481031
-10.0473800878846
-10.0932803731208
-10.1391017163633
-10.184844721638
-10.2305099828639
-10.2760980882047
-10.3216096173101
-10.3670451405324
-10.4124052235705
-10.4576904249356
-10.5029012912752
-10.5480383668793
-10.5931021866147
-10.6380932797659
-10.6830121627221
-10.7278593620163
-10.7726353798294
-10.8173407201259
-10.861975877681
-10.906541344736
-10.9510376044628
-10.9954651351211
-11.0398244091733
-11.0841158960589
-11.1283400510906
-11.1724973317217
-11.2165881895493
-11.2606130685723
-11.3045724024819
-11.3484666393587
-11.3922962001716
-11.4360615089921
-11.4797629841096
-11.5234010414567
-11.5669760908649
-11.6104885374071
-11.6539387815751
-11.697327219066
-11.7406542424141
-11.7839202375535
-11.8271255878791
-11.8702706720919
-11.9133558650437
-11.9563815353928
-11.9993480511873
-12.0422557741706
-12.0851050627448
-12.1278962714125
-12.1706297510211
-12.2133058483756
-12.2559249073007
-12.2984872671181
-12.3409932639936
-12.383443230668
-12.4258374956276
-12.4681763861062
-12.5104602237312
-12.5526893271497
-12.5948640125292
-12.6369845922221
-12.6790513763507
-12.7210646701883
-12.7630247774994
-12.8049319999689
-12.8467866318605
-12.8885889693099
-12.9303393032646
-12.9720379221738
