-14.1266956753207
-14.1266956753397
-14.1266956753001
-14.1266956753535
-14.126695675328
-14.126695675316
-14.1266956753161
-14.1266956752831
-14.12669567531
-14.1266956753146
-14.1266956753035
-14.1266956753764
-14.1266956753167
-14.126695675322
-14.1266956753353
-14.1266956753335
-14.1266956753186
-14.126695675322
-14.1266956753546
-14.1266956753286
-14.1266956753202
-14.1266956753215
-14.1266956753212
-14.1266956753208
-14.1266956753203
-14.1266956753196
-14.1266956753275
-14.1266956753149
-14.1266956753162
-14.1266956753168
-14.1266956753144
-14.1266956753525
-14.1266956753639
-14.126695675377
-14.1266956753406
-14.1266956753583
-14.1266956753262
-14.1266956753175
-14.1266956753246
-14.1266956753221
-14.1266956753197
-14.1266956753179
-14.1266956753169
-14.1266956753165
-14.1266956753203
-14.1266956753109
-14.1266956753138
-14.1266956753175
-14.1266956753219
-14.1266956753266
-14.1266956753314
-14.1266956753362
-14.1266956753406
-14.1266956753445
-14.1266956753479
-14.1266956753505
-14.1266956753524
-14.1266956753534
-14.1266956753535
-14.1266956753528
-14.1266956753512
-14.1266956753488
-14.1266956753457
-14.126695675342
-14.1266956753379
-14.1266956753334
-14.1266956753288
-14.1266956753163
-14.1266956753163
-14.126695675315
-14.1266956752754
-14.1266956752956
-14.1266956753161
-14.1266956753172
-14.1266956753074
-14.1266956753184
-14.1266956753007
-14.1266956753143
-14.1266956753163
-14.1266956752951
-14.1266956753063
-14.1266956753135
-14.1266956753176
-14.1266956753199
-14.1266956753163
-14.1266956753217
-14.126695675322
-14.1266956753215
-14.12669567532
-14.126695675319
-14.1266956753594
-14.1266956753189
-14.1266956753163
-14.1266956753127
-14.126695675315
-14.1266956753192
-14.1266956753293
-14.1266956753215
-14.1266956753235
-14.1266956753234
-14.1266956753216
-14.1266956753196
-14.1266956753211
-14.1266956753113
-14.1266956753178
-14.1266956753255
-14.1266956753153
-14.1266956753107
-14.1266956753064
-14.1266956753168
-14.1266956752898
-14.1266956752927
-14.1266956753002
-14.1266956753165
-14.126695675336
-14.1266956753199
-14.1266956753165
-14.1266956753163
-14.1266956753244
