3.01682807885439e-09
5.0750048778006e-11
8.89834443747813e-10
1.85809519045603e-10
3.30389263541561e-09
3.56847131145044e-10
7.27805375151143e-10
5.86555823952277e-09
8.37678863185734e-09
3.25700457741532e-10
5.70043912849992e-10
5.93864948594065e-09
5.45382234610339e-09
9.19260172014711e-12
5.3715130834628e-09
7.35916979963474e-10
2.97598870487267e-12
4.88781206187508e-10
2.90622082401137e-12
2.03718116339674e-09
1.9923586138338e-10
9.16751239195813e-09
4.51519144440603e-09
1.47915195398755e-09
5.15929860916454e-09
2.22467667348185e-11
4.32686987749505e-11
2.08125150466348e-11
6.56620011877122e-09
2.59590972970879e-09
4.74120064075134e-10
1.7398798305758e-10
2.33432700558442e-09
5.45791683391841e-09
2.0802726986931e-09
2.98827140316254e-12
3.90319325898122e-11
1.6855418408622e-09
3.06256883783098e-12
8.81905880649263e-12
3.70781979011315e-11
2.54297257068877e-10
1.6366549462092e-09
3.5529391856954e-14
5.33588702314513e-11
1.25307087782409e-10
2.59280454366241e-10
4.8675953359394e-10
8.39173676713438e-10
1.33716430100974e-09
1.96469036244767e-09
2.61326954674676e-09
2.97913477279639e-09
2.47232341849646e-09
5.88071687059623e-09
6.22688135632471e-11
1.25791905078671e-10
8.2601691274071e-10
8.65191622855621e-09
5.86280325307145e-11
8.65273723358863e-11
1.19900252004651e-10
1.58929740627897e-10
2.03937857863566e-10
2.55210670130286e-10
3.12954711194181e-10
3.77255687689451e-10
4.48085602026426e-10
5.25290705902524e-10
6.08560453025721e-10
6.97494105487813e-10
7.91547395229849e-10
8.9006143804679e-10
9.9228939233401e-10
1.09737419926015e-09
2.47821667167771e-11
5.37956625573103e-10
9.06653224177123e-09
2.73847427983462e-10
4.13781172999459e-10
5.70569339337909e-10
7.41807940542559e-10
9.2250681897722e-10
1.10681731044539e-09
1.28895302153485e-09
1.46388336579654e-09
1.62791986587169e-09
1.77882837249355e-09
9.69566078684721e-09
9.24831147593393e-09
8.44521736932062e-09
2.17480599579385e-09
2.43138967696469e-09
2.66289091668111e-09
2.86001732732284e-09
3.05810268332927e-09
3.37389098409835e-09
9.41344018530069e-10
2.61921732417231e-10
8.94353822695691e-10
3.65629345212581e-11
2.16791490197526e-09
4.70891106711464e-09
6.20770801600597e-09
1.7197637742367e-11
2.53284341346766e-09
8.3049945863334e-10
3.16343837401806e-10
8.54415114739833e-12
7.22805133891722e-09
9.94395083826188e-10
3.2065029117707e-09
4.42946259274646e-11
6.0795837374147e-09
4.44681605259008e-10
2.05400986418818e-10
1.5587877174611e-09
1.31434200264813e-09
2.8831973044004e-09
2.62547928601947e-11
1.08413463880543e-11
6.48638142240094e-10
2.91274309205104e-09
1.22010870428016e-10
2.69290334987812e-09
1.50053271986519e-10
2.92713981146538e-11
2.92460889428766e-09
5.69900954933863e-09
1.80361114252256e-09
1.57910694047834e-11
4.35436909085129e-10
2.10824736775069e-10
1.19842645314872e-09
1.10789856699503e-09
1.26450203009042e-09
1.77257031033302e-09
2.68407382892511e-09
3.44566524100057e-09
7.7246206744393e-11
1.65967644503949e-09
9.74924137628153e-10
2.61369349523554e-09
1.46770832202043e-09
2.13686371057152e-09
2.59946304371479e-09
2.6834519279855e-10
4.33819322746986e-10
1.88917404943565e-11
8.64031813671641e-11
2.48733509709491e-09
9.52080660066958e-10
4.79183860944694e-11
3.22491982540644e-10
3.83954309608229e-09
3.79426760715498e-10
4.73810544365615e-09
2.58360495461396e-10
1.6723806101134e-10
2.16556899605857e-10
2.25922042922941e-10
8.37945027226437e-11
5.12506605577578e-11
3.02010765054064e-09
3.62192772104377e-09
2.34711244016414e-09
6.26391206852172e-10
8.16282617483769e-12
8.29165540003748e-09
5.82623004221816e-09
4.84144172782974e-09
8.10031062096559e-09
2.57032807775176e-12
2.38367109803981e-09
5.37501776761965e-09
4.47847854930997e-09
2.56852342722948e-11
4.57320603550652e-09
4.11033143188401e-09
1.45685307325295e-10
7.73235383974565e-09
2.26675056728999e-10
2.17370336615843e-09
5.32935076807835e-09
4.59863733928805e-09
3.54426110263026e-09
4.19122968714563e-09
7.28722700610292e-09
5.45811306576489e-09
6.39285103394985e-09
5.26289128459834e-11
7.56671399031564e-11
8.25149671689805e-11
1.35730672972429e-08
9.91140490489695e-09
7.3473656280173e-09
6.12304946038319e-09
5.50016108559064e-11
8.94408906698282e-11
2.41104751691206e-12
2.17949417291273e-11
2.52073595466734e-11
5.89578310653766e-09
6.39767546760049e-10
5.2199602718334e-09
1.02477537091255e-09
6.60692904634114e-10
6.83806316302075e-09
2.96738498048111e-10
2.87290771579749e-09
4.61126103148649e-09
5.24654918509089e-09
1.02674002203348e-10
1.10211054322003e-10
2.47358503965825e-09
2.15824291471096e-09
1.81016246512133e-09
1.44962798383961e-09
2.11933287716323e-10
5.89315912800584e-09
5.67560784856224e-09
2.67898647263372e-10
5.12591423274879e-11
1.86762631654387e-10
8.53479272775368e-09
2.1207450580717e-09
4.09467380981559e-09
9.49959734782799e-09
1.74430457280035e-09
1.48812765557391e-10
6.13617311141942e-10
6.15659340319463e-10
2.71101585714291e-09
