-0.37526685986461
-0.604478003146348
-0.833689146520342
-1.06290028984245
-1.29211143311337
-1.52132257643005
-1.75053371974365
-1.97974486302409
-2.20895600636519
-2.43816714967857
-2.6673782929633
-2.89658943647234
-3.12580057961914
-3.35501172294935
-3.58422286630679
-3.81343400961561
-4.042645152879
-4.27185629620391
-4.50106743977739
-4.73027858289822
-4.95948972614707
-5.18870086945555
-5.41791201276742
-5.64712315607871
-5.8763342993891
-6.10554544269793
-6.33475658609971
-6.563967729289
-6.79317887261113
-7.02239001592974
-7.25160115922027
-7.48081230285912
-7.71002344628346
-7.93923458972898
-8.16844573271307
-8.39765687620499
-8.62686801920797
-8.85607916243319
-9.08529030581938
-9.31450144910728
-9.5437125923941
-9.7729237356873
-10.0021348789884
-10.2313460222954
-10.4605571656534
-10.6897683088573
-10.9189794522041
-11.1481905955638
-11.3774017389338
-11.6066128823112
-11.8358240256931
-12.0650351690764
-12.2942463124583
-12.523457455836
-12.752668599207
-12.981879742569
-13.2110908859202
-13.4403020292589
-13.6695131725841
-13.8987243158948
-14.1279354591909
-14.3571466024724
-14.5863577457399
-14.8155688889948
-15.0447800322388
-15.2739911754745
-15.5032023187053
-15.7324134617838
-15.9616246050961
-16.1908357483837
-16.4200468909062
-16.6492580346131
-16.87846917834
-17.1076803216747
-17.3368914647816
-17.5661026083258
-17.7953137512568
-18.0245248948605
-18.2537360382172
-18.4829471810525
-18.7121583246129
-18.9413694680883
-19.1705806114962
-19.3997917548624
-19.6290028980898
-19.8582140415335
-20.0874251848554
-20.3166363281567
-20.5458474714323
-20.7750586147186
-21.0042697590684
-21.2334809013427
-21.4626920445867
-21.6919031878028
-21.9211143311775
-22.1503254746025
-22.3795366181907
-22.6087477612909
-22.8379589046606
-23.0671700479726
-23.2963811912354
-23.5255923344924
-23.7548034778473
-23.9840146208747
-24.2132257643776
-24.4424369079211
-24.671648050927
-24.9008591940963
-25.1300703372766
-25.3592814809106
-25.5884926233727
-25.8177037667681
-26.0469149103146
-26.2761260541465
-26.5053371980947
-26.7345483408848
-26.9637594840839
-27.1929706273886
-27.4221817709768
