-0.104044107550462
-0.0959911638760652
-0.0756567797980204
-0.0503458907126138
-0.0230499234279383
0.00492352604923412
0.0329737461010778
0.0608149677523063
0.0883084373268238
0.115386401440506
0.14201626804984
0.168183009314712
0.19388034636632
0.219106231504207
0.243862546024562
0.268143783991524
0.291956670523823
0.315299648325707
0.338172852085397
0.360576079798213
0.382508701211019
0.403969805414366
0.424958156748469
0.445472245990498
0.465510322550205
0.485070423814594
0.50415040113312
0.522747942427593
0.54086263022572
0.558485765499115
0.575620766307926
0.59226279911398
0.6084089725761
0.624056316448401
0.639201784597471
0.653842262035706
0.66797457017103
0.68159547125739
0.694701672168412
0.707289865542329
0.719356586429116
0.730898425419629
0.741911895267699
0.752393465147563
0.762339561895914
0.771746571416707
0.780610838868215
0.788928672316558
0.796696337774912
0.803910065389523
0.810567925029324
0.816662557173467
0.822189352095746
0.827148873041336
0.831535044117253
0.835343868808877
0.838571319011808
0.841213327162283
0.843265786568161
0.844724556283298
0.845585456796954
0.845844271345992
