-0.544897712636196
-0.523425241988489
-0.502084220856943
-0.480865864568292
-0.45976120599324
-0.438761071449951
-0.417856054503782
-0.397036487401892
-0.376292409845777
-0.355613534763046
-0.334989210688642
-0.314408380298349
-0.293859532735375
-0.273330660432048
-0.252809191774777
-0.232281936216717
-0.211735012277859
-0.191153768627109
-0.170522697684118
-0.149825338682156
-0.129044161725533
-0.108160447463409
-0.0871541419424349
-0.066003697961878
-0.0446858859696249
-0.0231755881450641
-0.00144555425216635
0.0205338761542627
0.0427950951539016
0.065373599071295
0.0883084373268238
0.111642660304708
0.135423998213383
0.159705506886996
0.184546409691415
0.210013083410702
0.236180237080576
0.263132329294983
0.290965281902042
0.319788567425567
0.349727760756179
0.380927693952842
0.413556378208379
0.44780990829407
0.48391868442355
0.522155340567804
0.562844979616653
0.606378536881682
0.653230424976211
0.703982184629282
0.759354649425333
0.820252374200757
0.887826355574208
0.963564163377744
1.04942282490312
1.14803003604141
1.26299855169373
1.39943571027811
1.56480571696338
1.77046677321981
2.03459162371461
2.38818108812271
2.88880663846661
3.65685176937243
4.99328705376938
7.92151955023982
