0.31578920786687
0.138753851632278
-0.0394595330625034
-0.218395191474106
-0.397741651141747
-0.57729025250236
-0.756902710830272
-0.936488212473633
-1.11598784304597
-1.29536414101155
-1.47459410391204
-1.65366449149997
-1.83256865491938
-2.0113043822991
-2.18987242690222
-2.36827548108756
-2.54651753252063
-2.72460330982492
-2.90253799359227
-3.08032697682389
-3.25797570779064
-3.43548958356159
-3.61287387934446
-3.79013370300445
-3.96727396721776
-4.14429937424141
-4.3212144090777
-4.49802333903077
-4.67473021704493
-4.85133888796992
-5.02785299632427
-5.20427599532776
-5.38061115638193
-5.55686157865386
-5.73303019878739
-5.90911978588337
-6.08513300544397
-6.26107234919782
-6.43694019378337
-6.61273879636096
-6.78847030201712
-6.96413675060876
-7.13974008321296
-7.31528214818483
-7.49076470671678
-7.66618943816963
-7.84155794493163
-8.01687175699561
-8.19213233621751
-8.36734108028613
-8.54249932642417
-8.71760835483945
-8.89266939194452
-9.06768361336085
-9.24265214608498
-9.41757607427261
-9.59245643536108
-9.76729422869937
-9.94208890574086
-10.1168459164461
-10.2915616237055
-10.4662383925155
-10.6408770479319
-10.8154783853558
-10.9900431719871
-11.1645721481909
-11.3390660287818
-11.5135255042323
-11.6879512418105
-11.8623438866518
-12.0367040627693
-12.2110323740064
-12.3853294049365
-12.559595721712
-12.733831872867
-12.9080383900806
-13.0822157888803
-13.2563645692913
-13.4304852167012
-13.6045781857255
-13.7786439653238
-13.9526829845967
-14.1266956753203
-14.3006824572055
-14.4746437383689
-14.6485799157796
-14.8224913756846
-14.9963784940139
-15.1702416368751
-15.3440811604795
-15.5178974121543
-15.6916907301706
-15.8654614444589
-16.0392098764541
-16.2129363397058
-16.3866411400735
-16.5603245759919
-16.733986938655
-16.9076285125413
-17.081249575186
-17.2548503977528
-17.428431245121
-17.6019923762495
-17.7755340438063
-17.949056495518
-18.1225599728155
-18.296044712405
-18.4695109454274
-18.6429588982931
-18.8163887923094
-18.989800844633
-19.1631952671346
-19.3365722675495
-19.509932049414
-19.6832748123582
-19.8566007512892
-20.0299100576922
-20.2032029189526
-20.3764795190019
-20.5497400381253
-20.7229834531487
-20.8962122907492
-21.0694255666616
-21.2426234477465
-21.4158074846883
-21.5889751118866
-21.7621278264504
-21.9352657830297
-22.1083891334465
-22.2814980268665
-22.4545926096641
-22.6276730256522
-22.8007394160892
-22.9737919198226
-23.1468306731446
-23.319855810097
-23.4928674623931
-23.6658657594956
-23.8388508286688
-24.0118227950454
-24.1847817817855
-24.3577279097926
-24.5306612980263
-24.7035820638963
-24.8764903222807
-25.0493861866196
-25.2222697685257
-25.3951411775759
-25.56800052192
-25.7408479078642
-25.9136834400626
-26.0865072216728
-26.2593193541098
-26.4321199373136
-26.6049090697231
-26.7776868482824
-26.9504533684975
-27.1232087244211
-27.2959530087733
-27.4686863128776
-27.6414087267378
-27.8141203390436
-27.9868212372311
-28.1595115075029
-28.3321912345666
-28.5048605027181
-28.677519394035
-28.8501679901147
-29.0228063713769
-29.1954346167308
-29.3680528044441
-29.5406610115943
-29.7132593138739
-29.8858477865487
-30.0584265038749
-30.2309955382939
-30.40355496212
-30.5761048462962
-30.7486452610813
-30.9211762545697
-31.0936979368439
-31.2662103545066
-31.4387135744367
-31.611207662073
-31.7836926827661
-31.9561687004241
-32.1286357783632
-32.3010939791186
-32.4735433650163
-32.6459839958467
-32.8184159322581
-32.9908392340679
-33.1632539599115
-33.3356601666964
-33.5080579145836
-33.6804472585971
-33.8528282547257
-34.0252009581216
-34.197565423783
-34.3699217057975
-34.5422698576063
-34.7146099320351
-34.8869419812434
-35.0592660570655
-35.2315822102794
-35.403890491454
-35.5761909504888
-35.7484836367955
-35.9207685988196
-36.0930458851383
-36.2653155433383
-36.4375776205947
-36.6098321635568
-36.7820792183944
-36.9543188307177
-37.1265510457743
-37.2987759081607
-37.4709934620763
-37.6432037512706
-37.8154068188575
-37.9876027079575
-38.1597914607657
-38.3319731190978
-38.5041477245093
-38.6763153179809
-38.8484759403225
-39.0206296314815
-39.1927764313871
-39.3649163797207
-39.5370495148982
-39.7091758758797
-39.8812955008026
-40.0534084274881
