-14.3602016598987
-14.3469835292664
-14.3345111959227
-14.3227128149343
-14.3115260980558
-14.3008967192947
-14.29077703638
-14.2811250560442
-14.2719035904859
-14.2630795637264
-14.2546234376629
-14.2465087337564
-14.2387116320245
-14.2312106332389
-14.2239862711748
-14.2170208710263
-14.2102983377984
-14.2038039780101
-14.1975243447088
-14.1914471022999
-14.1855609099965
-14.1798553195436
-14.1743206856897
-14.1689480874846
-14.1637292588822
-14.1586565273662
-14.1537227595212
-14.1489213126319
-14.1442459915349
-14.139691010044
-14.1352509564594
-14.1309207624738
-14.1266956753203
-14.1225712326023
-14.1185432395663
-14.1146077485305
-14.1107610402436
-14.1069996068121
-14.1033201364972
-14.0997194995087
-14.0961947352299
-14.0927430404896
-14.0893617583291
-14.0860483693206
-14.0828004813259
-14.0796158217596
-14.0764922297317
-14.0734276490762
-14.0704201218651
-14.0674677822374
