0.830847271911374
0.870568135965523
0.910294106599036
0.950024903798536
0.989760273709443
1.02949998542545
1.06924382822914
1.10899160880385
1.14874314950435
1.18849828645726
1.22825686818624
1.26801875428236
1.3077838142174
1.347551926551
1.3873229772005
1.42709686052133
1.46687347674313
1.50665273240628
1.54643453968549
1.58621881574563
1.62600548246452
1.66579446602794
1.70558569659543
1.74537910799916
1.78517463747196
1.82497222540116
1.86477181510544
1.90457335263195
1.94437678657184
1.9841820679384
2.02398914981926
2.06379798752119
2.10360853826147
2.14342076109058
2.18323461675992
2.22305006759297
2.26286707721265
2.30268561166226
2.34250563725781
2.38232712150486
2.42215003424882
2.46197434272886
2.50180002604052
2.54162704945968
2.58145538852666
2.62128501733499
2.66111591173031
2.70094804704109
2.74078140068733
2.78061595002559
