-5.30408628822803
-5.36749446561039
-5.43094628931734
-5.49444179675022
-5.55798102523816
-5.62156401237975
-5.68519079573825
-5.74886141291963
-5.8125759015727
-5.8763342993891
-5.94013664410343
-6.00398297349318
-6.0678733253785
-6.1318077376426
-6.19578624814079
-6.25980889488758
-6.32387571584917
-6.38798674936142
-6.4521420325715
-6.51634160456829
-6.58058550327739
-6.64487376664766
-6.70920643307585
-6.77358354097743
-6.83800512879508
-6.90247123454133
-6.96698189687671
-7.031537154304
-7.0961370452995
-7.16078160842822
-7.22547088229884
-7.29020491516513
-7.35498371691703
-7.41980735509785
-7.4846758581722
-7.54958926623936
-7.61454761761442
-7.67955095121763
-7.74459930601421
-7.80969272101447
-7.87483123527386
-7.94001488759117
-8.00524371773335
-8.07051776457584
-8.13583706735498
-8.20120166535241
-8.26661159789522
-8.33206690435592
-8.39756762415264
-8.46311379674915
-8.52870546165492
-8.59434265842528
-8.66002542666145
-8.72575380601063
-8.7915278361661
-8.85734755686735
-8.92321300785817
-8.98912422903686
-9.05508126025985
-9.12108414145214
-9.1871329125852
-9.25322761367708
-9.31936828479239
-9.38555496604256
-9.45178769758571
-9.51806651962683
-9.58439147241786
-9.65076259625771
-9.7171799314924
-9.78364351851509
-9.85015339776615
-9.91670960973325
-9.98331219495147
-10.0499611940033
-10.1166566475188
-10.1833985961755
-10.2501870806989
-10.3170221418034
-10.3839038177108
-10.4508321575693
-10.5178071937685
-10.5848289701788
-10.6518975278133
-10.719012907733
-10.7861751510473
-10.8533842989141
-10.9206403925395
-10.9879434731782
-11.0552935821336
-11.1226907602573
-11.1901350504508
-11.2576264926629
-11.3251651288924
-11.3927510006867
-11.4603841496422
-11.5280646174048
-11.5957924456692
-11.6635676761797
-11.7313903507299
-11.7992605111627
-11.8671781993709
-11.9351434572966
-12.0031563269318
-12.0712168503182
-12.1393250695474
-12.2074810267609
-12.2756847641503
-12.3439363239572
-12.4122357484736
-12.4805830800415
-12.5489783610533
-12.6174216339521
-12.6859129412311
-12.7544523254343
-12.8230398291564
-12.8916754950425
-12.9603593657889
-13.0290914841424
-13.0978718929009
-13.1667006349133
-13.2355777530794
-13.3045032903504
-13.3734772897284
-13.4424998494749
-13.5115708470709
-13.5806904912967
-13.6498587701521
-13.719075729584
-13.7883414073381
-13.857655849516
-13.9270190995421
-13.9964312009074
-14.0658921971907
-14.1354021341513
-14.2049610495288
-14.2745689929984
-14.3442260062149
-14.413932131313
-14.4836874138873
-14.5534919006255
-14.6233456314899
-14.6932486490007
-14.7632010018763
-14.833202730134
-14.9032538799344
-14.9733544954588
-15.0435046208568
-15.1137043003868
