6.73277515130754e-09
5.67831349161317e-11
3.56323965700789e-10
1.12686330374885e-09
2.02802715202618e-09
9.22507716599152e-10
1.11492379184214e-09
2.64419689529913e-09
6.00968757857643e-11
7.01003763002077e-10
1.69014998066948e-10
9.26657668321027e-11
7.5930060562129e-11
1.66642312371276e-11
4.89083034447313e-09
9.37783608332864e-11
5.75100362922717e-11
2.29647271954686e-09
3.4122472932639e-09
6.21699086140845e-09
6.09754517363516e-09
6.2672965672377e-09
9.37931020089596e-12
4.87265240323835e-09
6.33757023966905e-09
6.18764484884023e-09
3.09321407710753e-10
1.15615850845461e-10
2.07565377241004e-11
6.66562845483243e-09
6.19063314174163e-12
4.29515597015443e-11
1.39320726403057e-11
7.40342078136256e-09
1.09587021017208e-09
2.08857637977463e-10
5.54332178023463e-10
3.59828763598239e-09
8.31667737142942e-11
1.21888140994039e-11
1.43259398580902e-11
3.1183865741443e-11
2.22251026903525e-11
9.52007380434596e-12
2.05314759561608e-09
8.32356296142879e-13
7.69082109034616e-12
1.72495599643532e-10
1.00658280577615e-10
2.96048848792604e-09
1.0043546362923e-12
9.62645067083152e-09
1.97613190405266e-09
1.18688780620345e-09
1.37147469855599e-11
7.1466354131188e-11
3.09418045638543e-11
3.67157076974688e-11
4.30270120522975e-11
4.97715604213458e-11
2.69873464461986e-09
1.10768318189447e-09
2.68359047421237e-12
8.81280335390836e-12
8.61698156022305e-09
9.13764861173791e-12
1.52025415093173e-11
1.62337050138247e-11
7.53338916214513e-09
4.58229322543153e-11
2.59829346352166e-09
7.208942828779e-09
1.31726366345314e-09
3.87630997658335e-10
4.03179243443789e-10
3.67706381574912e-10
2.38166860555232e-10
4.06062761505541e-11
5.10584762974302e-10
3.20839858379515e-09
6.85119454971958e-09
5.14843946613838e-11
7.12755081804408e-12
1.19486814412436e-10
2.35462641772239e-10
5.60140965237512e-10
2.04058755593432e-10
2.05490065784738e-09
2.2774771362591e-09
8.06279924393275e-10
1.13950660632861e-09
4.65965833407378e-10
2.63482853935529e-11
2.05831172678792e-09
1.15241456582597e-11
1.18795254626643e-09
6.55982943944528e-10
3.46213900778315e-09
7.92607608013142e-11
1.95918383053632e-09
2.19776362844886e-10
1.95431339159422e-10
4.96043381924861e-09
7.60823874609982e-10
2.46495245275428e-10
1.69432402505987e-10
9.54349961199088e-09
3.4924501644414e-09
2.42284318440819e-11
2.83588572716301e-10
3.94194996316558e-09
2.95141071906202e-10
6.84320113937266e-09
9.90146276847056e-10
2.40884128878444e-10
1.84527443364798e-09
7.47104081915415e-10
1.01685869938065e-10
1.90947724768574e-10
1.71598025737017e-11
