2.11290532151642e-10
3.38244507253848e-11
8.20143954578623e-11
8.53395657943316e-09
1.10461536389227e-09
3.72781735979239e-09
4.14886659079542e-10
6.3981679450229e-09
3.05425888680536e-10
1.2248677457691e-09
1.02194230007939e-09
1.75034674321143e-10
5.01692980336767e-10
3.0193670728135e-10
1.69017798829477e-10
1.01067649473702e-10
3.240404462888e-09
5.15688529645315e-10
5.31604233501325e-12
2.63699603416003e-09
9.23262580997061e-10
5.43374673580961e-09
3.1710592089356e-09
4.50721283583882e-09
1.53947481504718e-12
6.17358428138197e-10
2.59382052510517e-11
2.64382512072497e-10
4.12671879439461e-11
3.74360102819784e-09
4.64722211849778e-09
6.15254750819333e-12
1.74588596519419e-11
1.03520349544576e-11
2.33490762393742e-09
8.04551103437149e-09
2.2474029635876e-09
6.31166265926197e-11
3.63861116926801e-09
1.40127275855001e-09
5.61571926474493e-12
3.1005433428478e-10
2.93688166104006e-12
1.311115831192e-09
2.19163798133673e-10
1.03701904590295e-11
9.39337919963031e-11
6.05780712910806e-11
3.48443952203057e-10
7.24473246037296e-10
9.22508591486932e-10
9.56485695677691e-10
8.79359277606502e-10
7.42574895109307e-10
5.8588235480178e-10
4.36551706885435e-10
3.11583272781693e-10
2.20545435831135e-10
4.27914623739083e-10
1.29650914540373e-10
5.70654507392062e-11
5.31844480614612e-09
6.29802208136521e-10
8.3824503727755e-10
8.88602707164194e-10
8.70234835111702e-10
8.29509417274682e-10
7.83106128746286e-10
7.35559214838067e-10
6.87732383252052e-10
6.39792582104453e-10
5.91939187763515e-10
5.44497733618727e-10
4.97535362028456e-10
4.50144990433315e-10
3.98409317084589e-10
3.2881168030628e-10
2.0331631750517e-10
6.94105484123277e-09
4.31089945553166e-10
4.75794472894148e-09
1.48283176497527e-09
3.01647341943345e-10
1.86856842593478e-10
3.1895669318868e-10
7.52639823972398e-10
1.01372846099835e-09
1.10487831572205e-09
1.05732405800152e-09
9.07969434375447e-10
6.91902810814965e-10
4.3985491330581e-10
1.77464977546829e-10
7.48314381271603e-11
3.01509183623805e-10
4.91773472246089e-10
6.39075489951401e-10
7.40678395120625e-10
7.9719871372686e-10
8.12003054656474e-10
7.90615503416734e-10
7.40041014678791e-10
6.68090961480246e-10
5.82726050773855e-10
4.91429904578395e-10
4.00710913430718e-10
3.1566246655051e-10
2.39703551116229e-10
1.74228813535206e-10
1.17650042230984e-10
7.33417992755574e-09
8.58862474795428e-09
9.05410249314001e-11
6.10332526855061e-11
2.08406673129849e-10
1.08128020943909e-09
1.49696908640455e-10
7.86579689916196e-09
1.06202572568867e-09
3.59559681710877e-09
3.01335626286736e-11
5.36538893136822e-11
6.28398065835839e-11
1.87484094413245e-11
1.55267473552592e-10
5.95314517978972e-10
1.52638554810428e-09
3.30035534014444e-09
6.44355838535489e-09
1.17142279632991e-08
2.28726832690706e-09
1.80418333944412e-09
2.07926431587814e-09
2.6738376701537e-09
3.58699349929777e-09
4.89101175358837e-09
6.69662801906811e-09
9.14867747571716e-09
2.43754388318675e-12
3.72116424212201e-12
5.55911603031309e-12
8.16188761398991e-12
1.17746882837004e-11
1.67209040687162e-11
2.33700070889658e-11
3.22124334382177e-11
4.3807848824084e-11
5.88197541065364e-11
7.80237463853316e-11
1.02345502254025e-10
1.09895079065597e-10
8.63785836702954e-10
9.34042287701653e-10
1.35417924911661e-09
1.01894118791523e-09
8.33470484292710e-10
1.04757899848994e-09
6.1511290101951e-09
4.4163450880655e-13
7.17518385094057e-09
1.24701009847405e-09
5.34823117597807e-09
1.35004443655844e-13
1.64648361223277e-09
1.17138061711129e-09
1.88784464995036e-12
7.68357657492794e-11
5.34894000039054e-10
6.64755881687154e-09
9.05349144464774e-09
2.36443754272033e-09
7.4687479626779e-11
1.14071514108595e-08
4.71204335962557e-10
2.90740820935569e-09
9.388716359843e-11
9.17691165047627e-11
7.08675551161211e-11
1.0411065012213e-10
2.68312857249462e-10
8.07771326959302e-10
2.53823416208393e-10
3.35579858291241e-11
3.80990660398822e-10
5.00877665489837e-09
5.60157580137661e-09
7.4540006614856e-10
8.89762356541733e-10
1.52255653218658e-09
9.73815603748842e-10
4.43048736607421e-10
