2.16791490197526e-09
3.65629345212581e-11
8.94353822695691e-10
2.61921732417231e-10
9.41344018530069e-10
3.37389098409835e-09
3.05810267654496e-09
2.86002084253929e-09
2.6628900581545e-09
2.43138879085298e-09
2.17480774742831e-09
8.4452213282933e-09
9.24829947688154e-09
9.6956554756526e-09
1.77882571081506e-09
1.62791764028518e-09
1.46389534821555e-09
1.28894059022936e-09
1.10681731044539e-09
9.2250681897722e-10
7.41807940542559e-10
5.70569339337909e-10
4.13781172999459e-10
2.73847427983462e-10
9.06653224177123e-09
5.37956625573103e-10
2.47821667167771e-11
1.09737419926015e-09
9.9228939233401e-10
8.9006143804679e-10
7.91547395229849e-10
6.97494107477265e-10
6.08560010698534e-10
5.2528804352698e-10
4.48085604223823e-10
3.77255243985015e-10
3.12955595423659e-10
2.55210674183384e-10
2.03937418331262e-10
1.58930627245843e-10
1.19902473696509e-10
8.65251507535682e-11
5.86280325307145e-11
8.65191622855621e-09
8.2601691274071e-10
1.25791905078671e-10
6.22688135632471e-11
5.88071687059623e-09
2.47232341849646e-09
2.97913521506092e-09
2.61327132304991e-09
1.96469124601547e-09
1.33716563041278e-09
8.39174123113606e-10
4.86761752924941e-10
2.59282229833871e-10
1.25308642207939e-10
5.33599798583298e-11
3.41977527330401e-14
1.63665405676717e-09
2.54297257e-10
3.70788646154276e-11
8.8188332733221e-12
3.06190291941128e-12
1.68554272799299e-09
3.90297121978873e-11
2.99049042466838e-12
2.08027181074206e-09
5.45791883599565e-09
2.33432811500982e-09
1.73988829994728e-10
4.74118733630746e-10
2.59591017821084e-09
6.56620011877122e-09
2.08125150466348e-11
4.32686987749505e-11
2.22467667348185e-11
5.15929860916454e-09
1.47915150285846e-09
4.5151896712669e-09
9.16751328299053e-09
1.99236310797989e-10
2.03718181693491e-09
2.90687095150549e-12
4.88781424741478e-10
2.97532441587397e-12
7.35916310308555e-10
5.3715130834628e-09
9.19260172014711e-12
5.45382234610339e-09
5.93864948594065e-09
5.70044357224946e-10
3.25702131978779e-10
8.37678941726505e-09
5.86555889507247e-09
7.27803701812819e-10
3.56847190482912e-10
3.30389279556316e-09
1.85809400966094e-10
8.89852212391373e-10
