0.318488658697014
0.318073407842116
0.316475816388499
0.313864234586089
0.310379286205802
0.306139279949715
0.301244408317048
0.295780038202233
0.289819312883835
0.283425228135901
0.276652301833207
0.26954792700144
0.262153475451922
0.254505204120457
0.246635003218389
0.238571018484205
0.23033817235567
0.221958595509639
0.213452002651468
0.204835997160172
0.196126340082478
0.187337176181202
0.178481228460811
0.169569965633276
0.160613746789994
0.151621946796543
0.142603065322416
0.133564821927582
0.124514239228113
0.115457715984947
0.106401090605227
0.0973496985952053
0.0883084373268238
0.0792817507724649
0.0702737558690513
0.0612882207430757
0.0523286092387683
0.0433981123436556
0.0344996662037931
0.0256359804733525
0.0168095547511724
0.00802269948733463
-0.000722447565833568
-0.00942391116905219
-0.018079861027586
-0.0266886020629278
-0.0352485599238682
-0.0437582752691297
-0.0522163946045543
-0.060621658837045
