6.20967523004824e-11
1.88981786361974e-10
2.32120886751434e-09
9.44183412735264e-10
9.88668274570073e-10
1.02402786005572e-09
1.04190223547478e-09
1.03447754890176e-09
9.95721245610797e-10
9.2250681897722e-10
8.14681158757914e-10
6.73351616730365e-10
4.93201757135594e-10
1.70715616492224e-09
2.29838248369838e-10
2.28078895313092e-10
8.15584353523768e-10
4.29533030361834e-09
4.11183655673502e-12
2.5134229019617e-11
1.06658349559486e-09
6.18034933014817e-11
1.04517051838947e-09
1.40036807795015e-09
1.31804219173922e-10
5.84774794927049e-10
9.61665284140485e-10
2.504483538527e-10
7.002691710062e-10
1.89056512774629e-09
3.31475609407899e-09
8.14605215488002e-09
6.79441736195867e-09
8.78499129630528e-09
4.74325126472942e-10
4.9158967398759e-10
5.15054537912124e-10
5.38512009359233e-10
5.56677818478288e-10
5.65467780265916e-10
5.62027600673342e-10
6.93371393092531e-09
6.57220656377229e-09
6.16541726190048e-09
5.71780411473011e-09
5.23533100620067e-09
4.72495415022677e-09
4.1946452395825e-09
3.65313574782653e-09
3.10953245328633e-09
2.57305675528143e-09
2.05262639813047e-09
1.55658441827517e-09
1.0922816501075e-09
6.65528858611257e-10
2.77326611651797e-10
1.86607757408813e-10
1.66580694896e-10
1.44938856265324e-10
1.21751623714264e-10
9.7319708204392e-11
7.18279181415242e-11
4.57897738560235e-11
1.98846664469081e-11
1.22318642464764e-11
3.72867375218858e-11
6.40544653189584e-11
9.06514763984158e-11
1.16784948614726e-10
1.42229522280426e-10
1.6681734241101e-10
1.90870125261821e-10
2.1298726244967e-10
2.34383408127733e-10
2.54571996421199e-10
2.73561273275446e-10
2.91303821542897e-10
8.71958415680481e-10
5.87720484714238e-10
1.17988070952883e-10
9.45843788326268e-11
7.84321232983826e-11
6.80794466413901e-11
6.18952134999849e-11
5.83581389835255e-11
5.62135363057318e-11
5.4477240422719e-11
5.23469169040326e-11
4.92899014318238e-11
9.75298467422709e-09
4.22702796104962e-11
4.404285372341e-11
5.55805314706939e-11
7.78984453396122e-11
1.09389089584456e-10
1.48621115107444e-10
1.94567725357367e-10
2.46370017972494e-10
3.03061787372532e-10
3.63592852232534e-10
4.26746420517399e-10
4.91138599499431e-10
5.55263272215509e-10
6.17526710992756e-10
6.76247895906203e-10
7.29712825590122e-10
7.76234480709389e-10
8.14207227596332e-10
8.42082469504669e-10
8.58628414828347e-10
8.62734592599863e-10
8.53697606137731e-10
8.31181104503671e-10
7.95236098415388e-10
7.46535401860792e-10
6.86225224676391e-10
6.16069930085888e-10
5.38393421725734e-10
4.5608620279375e-10
3.7248829971629e-10
2.91314965893476e-10
2.16405629691492e-10
1.51563124487608e-10
1.30583312174558e-08
6.52356228775603e-11
4.82802521411976e-11
4.9198618488453e-11
2.3720184416013e-09
1.15014485646676e-09
4.48661461964652e-10
1.08208873803949e-09
1.30799072917013e-09
8.96895396500155e-10
4.9427534149283e-10
5.60571076450392e-09
2.30805613873549e-09
5.74010934241085e-10
5.06540494234428e-09
8.55648724684724e-09
1.85810066659083e-10
5.58716070675396e-09
6.45159354855782e-12
8.55890873982449e-09
1.07212328808679e-09
1.42065940515823e-09
1.83578516894236e-09
1.56779403866352e-09
1.15496436904668e-09
