-27.2604741751968
-25.344732285016
-23.7037973701308
-22.2797487191946
-21.030186041432
-19.9233036524503
-18.9347405821458
-18.0454987948908
-17.2405277122374
-16.507737706555
-15.8372974750985
-15.2211238943464
-14.6525052168434
-14.1258184475312
-13.6363143827385
-13.1799520527982
-12.7532697282455
-12.3532833590746
-11.977405831962
-11.6233822078598
-11.2892373432821
-10.9732332030586
-10.6738338290267
-10.3896763867066
-10.119547099931
-9.86236112749106
-9.617145639883
-9.38302551825913
-9.15921121033216
-8.94498836898309
-8.73970897565193
-8.54278370236655
-8.35367531557741
-8.1718929592567
-7.99698718045309
-7.82854558907398
-7.66618905266926
-7.50956836655624
-7.35836130582776
-7.21227003221906
-7.07101879262557
-6.9343518790823
-6.80203181023708
-6.67383771083021
-6.54956386218822
-6.42901840333468
-6.31202216516609
-6.19840762117695
-6.08801794175211
-5.98070614006462
-5.8763342993891
-5.77477287278053
-5.67590004730966
-5.57960116597171
-5.48576820121212
-5.39429927473338
-5.30509821887181
-5.21807417537616
-5.13314122791976
-5.05021806487984
-4.96922767001111
-4.89009703878188
-4.81275691012267
-4.737141537323
-4.6631884526039
-4.59083826735509
-4.52003448040566
-4.45072330164754
-4.38285348856944
-4.31637619460364
-4.25124482829426
-4.18741492238995
-4.12484401204868
-4.06349152141757
-4.00331865791883
-3.94428831363297
-3.88636497322551
-3.82951462791077
-3.77370469586945
-3.7189039433273
-3.66508241920346
-3.61221138678878
-3.5602632610292
-3.50921155012079
-3.45903080196952
-3.40969655246872
-3.36118527708169
-3.31347434534446
-3.26654197802258
-3.2203672067353
-3.17492983588148
-3.13021040671473
-3.08619016342648
-3.0428510211064
-3.00017553545918
-2.95814687416544
-2.91674878978285
-2.87596559409092
-2.8357821337898
-2.79618376746985
-2.75715634377453
-2.71868618068449
-2.68076004585577
-2.6433651379496
-2.60648906889542
-2.57011984703277
-2.53424586108132
-2.49885586489144
-2.46393896293113
-2.42948459646773
-2.39548253065941
-2.3619228404539
-2.32879590261464
-2.29609237889606
-2.26380320930375
-2.2319196000197
-2.200433013885
-2.16933516023682
-2.13861798821892
-2.10827367370717
-2.07829461591095
-2.04867342606941
-2.01940292153029
-1.99047611792634
-1.9618862223465
-1.93362662669042
-1.90569090130098
-1.87807278886127
-1.85076619854292
-1.82376520039399
-1.79706402043367
-1.77065703392338
-1.74453876236156
-1.7187038676508
-1.69314714772347
-1.66786353215822
-1.64284807795872
-1.61809596549516
-1.59360249490733
-1.56936308122998
-1.54537325233908
-1.52162864450763
-1.49812499928798
-1.47485816029111
-1.45182407008489
-1.42901876720617
-1.40643838328182
-1.38407914025405
-1.3619373477057
-1.34000940028115
-1.31829177519932
-1.29678102987425
-1.27547379947699
-1.2543667950372
-1.23345680069971
-1.21274067236089
-1.19221533505769
-1.17187778150859
-1.15172506930505
-1.13175432059469
-1.11196271947074
-1.09234750955232
-1.07290599400201
-1.05363553230957
-1.03453354001759
-1.01559748651018
-0.99682489377326
-0.978213335074618
-0.959760433438597
-0.941463860773454
-0.923321336185685
-0.905330624540451
-0.887489535689444
-0.869795924137172
-0.852247685693984
-0.834842758546655
-0.817579121289814
-0.800454791994915
-0.78346782726722
-0.76661632130064
-0.749898404944277
-0.733312244855878
-0.716856042490753
-0.700528033450674
-0.684326486414327
-0.668249702786169
-0.652296015486856
-0.636463788093896
-0.620751414645679
-0.60515731868444
-0.589679952402816
