-4.47240004962866
-4.49985146776855
-4.52792116463221
-4.55663416512158
-4.58601696911975
-4.61609768744116
-4.64690612212371
-4.67847395352727
-4.71083487075997
-4.74402474609672
-4.77808182382549
-4.8130469258598
-4.84896368332933
-4.88587879992162
-4.92384232716958
-4.9629079951212
-5.00313356613296
-5.04458124079358
-5.08731811043018
-5.13141666872834
-5.17695539710441
-5.22401942089865
-5.27270125386873
-5.32310167491079
-5.37533069434571
-5.42950869689095
-5.48576774978789
-5.544253122629
-5.60512505827942
-5.66856084555264
-5.73475725750965
-5.80393343214959
-5.8763342993891
-5.95223467459442
-6.03194418553059
-6.115813237843
-6.20424029134482
-6.29768080413968
-6.39665831839209
-6.50177832613148
-6.61374578378326
-6.73338747518033
-6.86168090466036
-6.99979211635731
-7.14912591734613
-7.31139365235276
-7.48870632713834
-7.68370519203977
-7.89974915686015
-8.14119098556741
-8.41379717820986
-8.72540985148587
-9.0870364801599
-9.51474142836756
-10.0331526136701
-10.6825355385027
-11.5347702144317
-12.7357052009363
-14.6493438320973
-18.6465379909061
