-38.6590725470583
-18.9903844078665
-12.4338316744904
-9.15531562520968
-7.1880190378693
-5.8763342993891
-4.93928790595709
-4.23639285481284
-3.6896007688472
-3.25208254191748
-2.8940377500307
-2.59559935782822
-2.34301318518345
-2.12645474494255
-1.93871935182929
-1.77440342624745
-1.62937478042
-1.50041944446892
-1.38500003805999
-1.28108662642654
-1.18703590203454
-1.10150331907185
-1.02337814635693
-0.951734757436566
-0.88579561715048
-0.824902791695104
-0.768495814165563
-0.716094274294558
-0.667284017920581
-0.621706100804486
-0.579047905277408
-0.539035861800983
-0.501429572376289
-0.466016913956027
-0.432610001723725
-0.40104182646991
-0.371163429419157
-0.34284153049382
-0.3159565188492
-0.290400737961079
-0.266077037884146
-0.24289751787403
-0.220782452678945
-0.19965936358486
-0.179462213300783
-0.160130705896221
-0.141609675992142
-0.123848554439856
-0.106800899314758
-0.0904239833909281
-0.0746784291934
-0.0595278883873324
-0.0449387549062931
-0.0308799110561053
-0.0173225018123267
-0.00423973261505143
0.00839331144489979
0.0205998275900585
0.0324014409260864
0.0438183354464492
0.054869373070741
0.0655721958734386
0.0759433311069784
0.085998270889471
0.0957515547929149
0.105216841852137
0.114406976063454
0.123334046390583
0.132009441492991
0.140443899464556
0.148647554204718
0.156629976936228
0.164400214523961
0.171966825778852
0.179337913050827
0.186521152770733
0.193523822968154
0.2003528288194
0.207014726243292
0.213515743731614
0.219861802556075
0.226058535450476
0.232111304115266
0.238025215212619
0.243805135432406
0.249455705435197
0.254981352837872
0.260386304263091
0.265674596838465
0.270850088321471
0.275916467603009
0.280877262486518
0.285735850717046
0.290495465667482
0.295159205016227
0.299730037719003
0.30421081050949
0.308604254269572
0.312912989556891
0.317139532627655
0.32128630019599
0.325355614428828
0.329349706562993
0.333270726228538
0.337120735473721
0.340901722604439
0.344615601080205
0.348264213412996
0.351849334110138
0.35537267502123
0.358835885142746
0.362240555147741
0.365588219623897
0.368880359377924
0.372118404065733
0.375303734063479
0.378437682935236
0.381521538938306
0.384556547396337
0.387543912210469
