5.1667827031563e-10
1.02612674486054e-10
1.48303998500935e-09
3.65833985605577e-13
2.49374098381529e-10
6.42349992066363e-10
2.15518548422687e-10
4.17008979669919e-10
8.80413998581052e-10
3.70142822130643e-09
5.76582777861605e-09
5.84056075015513e-09
4.24993361212528e-09
2.22363285171112e-09
3.52730757856971e-09
6.55128679647515e-10
7.51054491033343e-09
1.04663594468165e-10
2.0604035586558e-10
3.24960103635166e-10
4.53134476004567e-10
5.68957589075641e-10
6.40515668060379e-10
6.32151530965845e-10
5.1348593795431e-10
2.69627586157141e-10
8.82649603989192e-11
5.10723671883071e-10
9.00949378982381e-10
2.68574671897015e-10
6.45881712465343e-11
5.53999670453554e-10
9.2250681897722e-10
5.65297779360162e-10
4.32900163541546e-10
6.76186471913006e-10
6.54597449698641e-09
6.28583884580458e-10
2.40686989207512e-09
9.49711799818314e-09
5.72940319386934e-09
8.70880931854901e-09
7.21279577333808e-12
1.06358089078469e-09
2.14201311964783e-09
5.74239434768413e-09
7.7363242849829e-09
3.00323385717713e-10
8.85344893123864e-10
2.14564626158942e-10
