-84.8357608279398
-42.4100889459196
-28.2682748584556
-21.1974228440864
-16.9549617648098
-14.1266956753203
-12.1065444410292
-10.5914673753643
-9.41310854320525
-8.47045425095238
-7.69922289218949
-7.05655988365716
-6.51279649264927
-6.04674060488343
-5.64285119979678
-5.28947235821277
-4.97769064850633
-4.70057329857802
-4.45264698898752
-4.22953299881948
-4.02768659499864
-3.84420749692996
-3.67669978427316
-3.52316682726822
-3.38193143379174
-3.25157442193223
-3.13088684484799
-3.01883245108364
-2.91451791207325
-2.81716900331566
-2.72611139767985
-2.64075505417194
-2.56058145212685
-2.48513307279245
-2.41400468580276
-2.34683608792425
-2.28330601846123
-2.22312703598983
-2.16604118845161
-2.11181630472092
-2.06024288481752
-2.01113137836941
-1.9643098707666
-1.91962207920279
-1.87692561588211
-1.83609047774672
-1.79699772896975
-1.75953834814033
-1.72361221657992
-1.68912722805578
-1.65599850322688
-1.62414769470606
-1.59350237083081
-1.56399546782744
-1.53556480180524
-1.50815263300205
-1.48170527589089
-1.45617274963049
-1.43150846405778
-1.40766893707994
-1.38461353978604
-1.36230426667325
-1.34070552668811
-1.31978395519155
-1.29950824238262
-1.27984897759521
-1.26077850755981
-1.24227080711572
-1.22430136119373
-1.20684705694822
-1.18988608489351
-1.17339784841979
-1.15736288068862
-1.14176276818777
-1.12658008055817
-1.111798305835
-1.09740179079264
-1.08337568586631
-1.06970589425878
-1.05637902486376
-1.04338234868051
-1.03070375842115
-1.01833173101563
-1.00625529283566
-0.99446398734111
-0.982947844996905
-0.971697355264263
-0.960703440507768
-0.949957431634861
-0.939451045422518
-0.92917636324111
-0.919125811313913
-0.909292142026752
-0.89966841668777
-0.890247989205139
-0.881024490821783
-0.871991815823578
-0.863144108103513
-0.85447574856481
-0.845981343201063
-0.837655711998464
-0.829493878417311
-0.821491059530117
-0.813642656549316
-0.80594424636998
-0.798391572952931
-0.79098053966822
-0.783707201867617
-0.776567759961261
-0.769558552694877
-0.762676051038694
-0.755916852206457
-0.749277674090751
-0.74275534994786
-0.736346823385805
-0.730049143601157
-0.723859460849312
-0.717775022183948
-0.711793167353431
-0.705911324954428
