1.35269805695422e-09
6.45388460750635e-09
4.07611359194503e-09
5.80081073780798e-09
2.47532036636214e-09
9.76732487789059e-12
4.81265519339692e-11
5.99416065618259e-09
8.63867690734334e-10
2.6969014136864e-10
2.37654042389186e-09
5.74008569797289e-09
6.48897814375623e-11
7.77818047243154e-10
3.8759969059066e-09
3.68318729605135e-09
2.53352939494371e-11
9.95995091480314e-10
2.30382515491608e-09
5.76112027739279e-10
2.44573990051598e-10
1.19865763594602e-09
1.17564228641336e-09
1.08985342178404e-09
9.2250681897722e-10
6.82059858515622e-10
5.98034688542454e-10
1.23585973403884e-10
2.21074480453476e-11
3.98515596549951e-11
1.59111250975443e-10
2.81671141663402e-09
3.67070142545705e-09
4.49540483273627e-09
2.2727219971545e-09
3.17749032669104e-09
6.77590049422925e-10
1.41624590015044e-10
1.87815467887567e-09
1.47720639944691e-09
9.47768437572134e-10
4.93698675229103e-10
2.02104152802265e-10
5.85491356590279e-11
1.48655705642207e-09
9.30317179512082e-09
8.40250540626108e-09
7.09858676538565e-09
5.48654453717404e-09
3.67110174831512e-09
1.76051417311893e-09
1.7903261650097e-10
1.94808391953055e-09
3.55630665254161e-09
4.90630102167971e-09
5.94483457700858e-09
6.63732299642726e-09
6.96752329555603e-09
6.93726406311422e-09
6.5655715890405e-09
5.88739984532634e-09
4.95225968274683e-09
3.82236403958942e-09
2.57065682745758e-09
1.27878212789738e-09
9.26951858731375e-11
1.09512706495191e-09
1.86217233660668e-12
1.78702480246226e-12
5.46236364613915e-10
1.95642974777516e-08
1.26175265177234e-08
1.62223750829758e-09
8.27762342360436e-10
1.02455396639263e-08
1.78825623136133e-09
1.4825684425814e-08
5.02099446201316e-09
1.01583890043758e-14
1.88852016345558e-08
8.61034161149555e-09
2.28188052106625e-09
9.66937958566496e-10
2.40797349943627e-09
8.88733357848426e-15
2.9692114381125e-09
2.80878619703018e-09
1.84047440608169e-09
6.78284782751629e-10
2.76899405178702e-10
2.35772699592566e-09
3.0824971705717e-10
2.54249954558034e-10
1.48216832518345e-10
2.20070488709204e-10
7.46273779449306e-11
1.35027011934293e-09
6.74296065065387e-10
1.03074272233547e-09
1.04996422699166e-09
8.18461617031604e-10
5.39940003051917e-10
3.8715383559231e-09
3.62122248615025e-09
2.52801870855308e-10
1.60545388453208e-09
1.6710813349099e-10
9.34494237465847e-10
1.87275550666018e-09
8.77911208173906e-09
5.54048405695059e-09
8.70008158531951e-10
3.55591132545418e-10
3.26087936040421e-11
3.51920593115062e-09
7.31554589945964e-10
3.5761663477965e-11
3.81781592008969e-11
1.70057173220352e-09
