0.985749838787962
0.97450319535957
0.962720124995148
0.950448937844166
0.937729788556027
0.924594524495237
0.911072548142131
0.897187470064862
0.882960101453291
0.868408609573791
0.85354898103563
0.838395381968685
0.822960445528608
0.807255502167901
0.791290766449843
0.775075483506504
0.758618086986091
0.741926256024511
0.725007039161663
0.707866919754102
0.690511880412268
0.672947458416122
0.655178794093401
0.637210669398194
0.619047546038361
0.60069359514363
0.582152726033258
0.56342860978255
0.544524700598926
0.52544425526987
0.506190348824043
0.486765893023016
0.467173645144429
0.447416224206492
0.427496120156936
0.40741570498299
0.38717723958043
0.366782884735093
0.346234707588031
0.325534686616607
0.304684722031712
0.283686636893552
0.262542185529622
0.241253057542443
0.219820881601493
0.198247230949223
0.176533626077999
0.154681538774889
0.132692395403298
0.110567580054294
0.0883084373268235
0.0659162609643877
0.0433923537880175
0.0207379421860124
-0.00204576186220466
-0.0249575739744289
-0.0479963354060704
-0.0711609112025768
-0.0944501884880748
-0.117863074646295
-0.141398496078532
-0.165055397231001
-0.188832735311231
-0.212729486964211
-0.236744638941432
-0.2608771908918
-0.285126153419717
-0.309490546971969
-0.333969400770984
-0.358561751792561
-0.383266643784562
-0.40808312632328
-0.433010253904672
-0.458047085067923
-0.483192681549074
-0.508446107462729
-0.533806428510335
-0.559272711213984
-0.584844021087968
-0.610519427208758
-0.636297991745754
-0.662178776436852
-0.688160842319115
-0.714243245959523
-0.740425039565425
-0.766705270828817
-0.793082982230158
-0.819557210397697
-0.846126985502095
-0.872791330668014
-0.899549261396827
-0.926399784998204
-0.953341900029408
-0.980374595741464
-1.00749685153154
-1.03470763640088
-1.06200590841785
-1.08939061418537
-1.11686068831244
-1.14441505288918
-1.17205261696494
-1.19977227602908
-1.22757291149404
-1.25545339018022
-1.28341256380237
-1.31144926845715
-1.33956232411144
-1.36775053409115
-1.39601268457027
-1.42434754405985
-1.45275386410253
-1.48123037132321
-1.50977578598703
-1.53838879544145
-1.56706807356358
-1.59581227197844
-1.62462002169464
-1.65348994881008
-1.68242060400522
-1.71141056674813
-1.7404583807602
-1.76956256028931
-1.79872159782649
-1.82793396027104
-1.85719808901042
-1.88651239937274
-1.91587528007451
-1.94528509266281
-1.97474017095196
-2.00423882045419
-2.03377932108896
-2.06335991598394
-2.0929788241265
-2.12263423256059
-2.15232429714125
-2.1820471420182
-2.21180085905465
-2.24158350723595
-2.27139311445351
-2.30122766822434
-2.33108512709637
-2.36096341258905
-2.390860410322
-2.42077396939516
-2.45070190176427
-2.48064198161161
-2.51059194471202
-2.54054948779432
-2.57051226789796
-2.60047790172517
-2.63044396499307
-2.6604079919663
-2.6903674736317
-2.72031986007988
-2.75026255496075
-2.78019292027906
-2.81010827134891
-2.84000587948342
-2.8698829655522
-2.89973670746838
-2.92956423755448
-2.95936263161985
-2.98912892510206
-3.01886009612263
-3.048553077645
-3.07820474910538
-3.10781193790857
-3.137371419381
-3.16687991421887
-3.19633409184645
-3.22573056653948
-3.25506589270119
-3.28433656957868
-3.31353904856785
-3.34266970790177
-3.37172488303013
-3.4007008378201
-3.4295937834472
-3.45839986874025
-3.48711518139564
-3.51573574725283
-3.54425753000708
-3.57267642923887
-3.60098828156285
-3.62918885730753
-3.65727386534166
-3.68523894682819
-3.71307967309342
-3.74079155212953
-3.76837002468312
-3.79581046119951
