-13.49186963153
-13.5711642769507
-13.6504762122458
-13.7298051563164
-13.8091508369575
-13.8885129875971
-13.9678913471511
-14.0472856598959
-14.1266956753203
-14.2061211480232
-14.2855618375182
-14.3650175083163
-14.4444879293272
-14.5239728745001
-14.6034721220179
-14.6829854543245
-14.76251265885
-14.8420535257258
-14.9216078510079
-15.0011754335627
-15.0807560764441
-15.1603495865042
-15.2399557743065
-15.3195744540385
-15.3992054434273
-15.4788485636575
-15.5585036392914
-15.6381704981911
-15.7178489714433
-15.7975388932045
-15.877240100991
-15.9569524350129
-16.0366757384916
-16.116409857612
-16.1961546413277
-16.275909941341
-16.3556756120411
-16.4354515104455
-16.5152374961414
-16.5950334312298
-16.6748391802702
-16.7546546102273
-16.8344795904185
-16.91431399246
-16.994157690233
-17.074010559806
-17.1538724794149
-17.2337433293959
-17.3136229921719
-17.3935113521711
-17.4734082958069
-17.5533137110594
-17.633227489206
-17.7131495194468
-17.7930797020286
-17.8730179255707
-17.9529640914898
-18.0329180989321
-18.1128798468985
-18.1928492388017
-18.2728261786786
-18.3528105723081
