-2.78197224078089
-2.83956594632611
-2.89894090739509
-2.96018105782456
-3.02337568895172
-3.08861988400796
-3.15601499547488
-3.22566917044279
-3.29769792969933
-3.3722248070703
-3.4493820564549
-3.52931143506573
-3.61216507237379
-3.69810643752423
-3.78731141429736
-3.87996950368626
-3.97628516737733
-4.0764793336493
-4.18079108943904
-4.28947958556657
-4.40282618493784
-4.52113689619345
-4.64474513167288
-4.77401484553856
-4.90934411279748
-5.05116922392634
-5.19996938347317
-5.35627211943873
-5.5206595320394
-5.69377553785472
-5.8763342993891
-6.06913007270054
-6.27304875943896
-6.48908151767898
-6.71834087272057
-6.96207988048664
-7.22171504031146
-7.49885384181551
-7.79532807761114
-8.1132343794676
-8.45498387787273
-8.8233634691661
-9.22161197593683
-9.6535156449128
-10.1235288817275
-10.6369284544869
-11.2000124661198
-11.8203599755431
-12.5071741900616
-13.2717420574887
-14.1280594481698
-15.0936956994402
-16.1910118701389
-17.4489138376765
-18.9054358323135
-20.6116526711497
-22.637792679201
-25.0831449272883
-28.0928255406337
-31.887665873872
-36.821001074314
-43.4955903560641
-53.0308714194279
-67.7675701337061
-93.5578309439406
-150.30105568425
